0  11.715139
1  6.684182
2  6.092559
3  6.920886
4  5.994602
5  6.420293
6  5.901528
7  6.883852
8  5.929064
9  8.500282
10  6.559168
11  5.838708
12  5.838708
13  7.681673
14  6.283186
15  5.838708
16  6.271813
17  6.212175
18  5.838708
19  6.249432
20  6.261767
21  8.727101
22  6.288313
23  6.206685
24  6.428411
25  8.768029
26  8.812005
27  6.052732
28  6.198341
29  6.485547
30  6.903124
31  7.158031
32  5.923852
33  5.847426
34  6.446783
35  5.853551
36  6.111348
37  5.838708
38  6.250011
39  6.721109
40  8.095475
41  6.624006
42  5.847426
43  5.838708
44  5.977664
45  6.599483
46  5.910427
47  5.848195
48  6.947201
49  5.867320
50  6.452976
51  6.082473
52  5.848616
53  7.208897
54  6.187151
55  7.089488
56  9.034871
57  6.476571
58  7.358514
59  7.025383
60  6.425615
61  5.869110
62  7.377686
63  6.280916
64  6.054152
65  6.541233
66  6.955233
67  8.999857
68  5.998568
69  6.517154
70  5.851165
71  5.862051
72  7.336089
73  6.218032
74  5.838708
75  6.814351
76  5.976011
77  6.052489
78  5.975424
79  6.816407
80  6.797798
81  5.859941
82  7.612390
83  6.082473
84  6.473200
85  6.646359
86  5.932996
87  6.645808
88  6.862224
89  5.942296
90  5.847565
91  5.929064
92  6.645147
93  5.987552
94  6.804523
95  5.900479
96  6.170871
97  5.860892
98  8.328053
99  6.104415
100  6.124166
101  6.551595
102  5.929712
103  7.020103
104  7.731617
105  6.751085
106  6.163779
107  13.958629
108  6.332615
109  7.910887
110  5.887769
111  6.207321
112  5.868611
113  8.032353
114  5.838708
115  6.498451
116  6.355494
117  6.065550
118  7.801018
119  8.577216
120  6.233698
121  6.468578
122  8.692864
123  7.041454
124  5.950670
125  6.268517
126  6.105365
127  6.435678
128  7.573895
129  6.050598
130  6.657040
131  5.949981
132  6.731865
133  6.917341
134  7.122695
135  6.080578
136  10.032416
137  6.266360
138  5.858010
139  6.060511
140  6.143553
141  7.509669
142  8.115086
143  6.058889
144  6.278633
145  5.847565
146  6.491722
147  5.901528
148  6.972874
149  6.221107
150  6.229605
151  5.998713
152  5.925783
153  5.911488
154  5.848991
155  5.868023
156  6.657372
157  5.858897
158  7.254744
159  6.485007
160  5.852852
161  7.437338
162  6.023569
163  6.044907
164  5.950608
165  6.463600
166  5.894137
167  5.941778
168  6.336702
169  7.945142
170  8.201709
171  7.560281
172  7.936962
173  6.784952
174  5.879091
175  6.325056
176  6.820458
177  6.042144
178  6.455518
179  5.856341
180  6.606277
181  5.994602
182  5.857258
183  5.867330
184  6.533164
185  7.423466
186  8.145159
187  6.407963
188  8.250704
189  6.054152
190  5.889255
191  5.907421
192  5.896745
193  5.887326
194  6.560429
195  5.975424
196  6.428470
197  6.440982
198  7.341124
199  8.219920
200  8.524822
201  5.875385
202  5.916416
203  8.527517
204  6.790344
205  5.848616
206  5.895831
207  6.109236
208  6.336628
209  5.838708
210  5.838708
211  7.520774
212  7.046003
213  7.854204
214  6.345577
215  5.838708
216  5.851317
217  6.101525
218  5.975424
219  5.899571
220  5.911252
221  6.417838
222  6.476132
223  7.539036
224  7.496880
225  6.021484
226  6.240450
227  6.169499
228  5.879451
229  6.104756
230  5.988869
231  7.060716
232  7.404838
233  5.847426
234  5.944177
235  6.112423
236  7.809072
237  6.082473
238  7.197980
239  8.580040
240  5.878523
241  5.847876
242  6.889763
243  6.001002
244  5.847426
245  5.899433
246  6.795159
247  5.871996
248  7.160588
249  6.888547
250  6.189125
251  6.379340
252  8.736863
253  5.860892
254  6.466631
255  5.847876
256  5.847426
257  6.898229
258  6.622186
259  5.929064
260  6.183822
261  7.821025
262  5.911252
263  5.948404
264  5.887769
265  7.427412
266  6.511802
267  5.857783
268  6.524535
269  6.044904
270  6.073298
271  8.925822
272  8.101218
273  5.975424
274  6.630793
275  5.994602
276  7.074163
277  8.718260
278  6.017829
279  5.856648
280  8.092672
281  6.494341
282  5.847426
283  6.064169
284  6.470965
285  8.261655
286  5.847701
287  5.838708
288  6.133093
289  5.904331
290  6.884852
291  7.752495
292  5.838708
293  5.868611
294  5.970358
295  6.395522
296  5.948404
297  7.512429
298  6.578186
299  6.589486
300  6.039772
301  5.889875
302  6.658168
303  7.100446
304  8.479445
305  5.870388
306  5.975424
307  5.938493
308  7.333597
309  6.080578
310  6.128192
311  6.155933
312  6.691133
313  7.835112
314  6.532738
315  8.482428
316  5.858036
317  6.084508
318  6.491010
319  5.942296
320  6.603030
321  5.875636
322  8.866488
323  7.946834
324  7.371142
325  7.995309
326  6.436282
327  5.874713
328  5.975424
329  7.298550
330  6.436333
331  7.048750
332  8.090914
333  5.998262
334  7.474633
335  5.838708
336  5.992474
337  6.008551
338  6.256245
339  7.188976
340  6.047800
341  6.696103
342  7.785586
343  6.385316
344  6.367548
345  6.897773
346  6.944054
347  6.070622
348  11.002925
349  10.293974
350  9.656221
351  13.424492
352  13.308115
353  2.808584
354  3.519850
355  5.320980
356  3.763817
357  6.984693
358  4.728549
359  9.442530
360  9.357286
361  9.327553
362  9.939907
363  8.221153
364  7.881162
365  9.806501
366  11.022493
367  9.522628
368  9.476080
369  9.394947
370  9.194600
371  9.210126
372  9.178678
373  9.016345
374  8.231259
375  7.387973
376  9.207996
377  7.137117
378  9.640883
379  8.744517
380  6.979479
381  8.818150
382  9.890192
383  8.714388
384  7.992595
385  7.016861
386  7.082477
387  7.586520
388  8.306189
389  7.648746
390  6.964052
391  7.350898
392  8.881970
393  7.236065
394  7.692351
395  7.270607
396  7.006066
397  6.950746
398  7.103556
399  7.920831
400  7.208240
401  7.768421
402  10.122418
403  9.875445
404  6.950747
405  7.732918
406  7.228066
407  9.418978
408  7.806964
409  7.041295
410  8.136815
411  10.356627
412  7.372444
413  8.738211
414  7.115536
415  7.000507
416  8.269193
417  7.226212
418  8.559880
419  7.653029
420  8.936638
421  6.979398
422  7.862317
423  7.051641
424  7.593434
425  7.464148
426  7.406719
427  8.276515
428  8.725600
429  7.155142
430  7.905333
431  6.978437
432  10.361711
433  9.544343
434  7.803930
435  7.493706
436  7.107669
437  7.402565
438  8.974689
439  9.502493
440  8.377018
441  7.229247
442  7.119445
443  8.748900
444  7.349243
445  8.260598
446  9.472351
447  7.205734
448  7.615154
449  7.543667
450  7.773806
451  7.384844
452  9.676213
453  9.468195
454  7.870894
455  7.725913
456  7.185766
457  7.770982
458  7.543469
459  7.334647
460  7.085068
461  8.534914
462  7.456889
463  7.531256
464  9.394428
465  7.135517
466  9.814405
467  8.387314
468  8.710972
469  8.678344
470  8.142235
471  7.099104
472  7.199405
473  7.034074
474  8.159053
475  7.756512
476  7.637602
477  7.341713
478  7.657132
479  10.190787
480  7.750128
481  8.718531
482  6.976967
483  9.243759
484  7.119822
485  8.918727
486  7.214371
487  7.992046
488  7.037141
489  9.241613
490  9.693381
491  7.202104
492  10.074405
493  7.505296
494  7.059005
495  8.379114
496  7.866214
497  7.758866
498  7.941359
499  7.128785
500  9.413094
501  7.968701
502  7.094564
503  10.132624
504  8.447873
505  8.545612
506  8.495168
507  8.653613
508  7.028791
509  7.120279
510  9.130052
511  7.661183
512  8.912602
513  6.975608
514  8.525470
515  8.908686
516  7.216455
517  7.064060
518  9.036077
519  7.216460
520  6.983212
521  7.688199
522  8.624370
523  7.844121
524  7.040815
525  7.650099
526  8.720494
527  8.216334
528  7.307605
529  7.221002
530  7.639916
531  7.223232
532  6.979049
533  8.516645
534  9.476509
535  8.974360
536  7.121761
537  8.073131
538  8.604206
539  7.049698
540  8.361841
541  7.239943
542  8.453981
543  7.134414
544  7.056475
545  10.349148
546  8.427964
547  7.094570
548  7.398102
549  7.600704
550  7.679177
551  6.960059
552  8.784511
553  8.995795
554  8.047174
555  7.574917
556  8.879108
557  7.122297
558  7.595839
559  7.095006
560  8.537633
561  8.894162
562  10.020454
563  7.215280
564  10.579214
565  9.686229
566  8.509082
567  7.618735
568  8.573182
569  9.558429
570  7.268432
571  8.498460
572  10.804749
573  7.031094
574  7.280975
575  7.100126
576  7.125545
577  7.464188
578  8.195225
579  7.066404
580  7.220131
581  7.526048
582  6.950746
583  7.673771
584  7.295151
585  8.376967
586  8.613588
587  9.772793
588  8.350805
589  7.217671
590  9.579743
591  7.063376
592  7.499494
593  10.060889
594  8.103681
595  7.921900
596  8.745944
597  7.227940
598  8.327905
599  8.177193
600  7.789199
601  7.970226
602  7.521969
603  9.704601
604  7.587823
605  6.950746
606  8.353011
607  7.540395
608  8.212289
609  8.833136
610  9.905937
611  9.705807
612  10.717453
613  7.429342
614  9.326895
615  8.559587
616  8.684632
617  7.763607
618  10.059846
619  7.072586
620  7.124640
621  8.696721
622  7.605074
623  7.503019
624  7.178247
625  7.491545
626  7.199027
627  7.329465
628  7.668248
629  7.360712
630  7.370541
631  6.950746
632  10.104189
633  7.084840
634  8.773583
635  9.353645
636  7.250136
637  7.036555
638  7.428782
639  10.011644
640  7.152257
641  8.187962
642  9.297502
643  7.050176
644  8.837810
645  8.548979
646  9.054356
647  7.308735
648  7.072219
649  9.395796
650  7.545748
651  7.577012
652  8.408734
653  7.563354
654  7.099135
655  7.390776
656  7.824339
657  7.604849
658  9.632313
659  9.565862
660  7.303814
661  9.909698
662  6.962209
663  7.280366
664  7.171514
665  8.146164
666  8.068699
667  9.094894
668  8.537087
669  7.810003
670  10.260341
671  10.221306
672  7.172509
673  7.302491
674  7.741328
675  7.926600
676  8.169831
677  9.542696
678  9.364995
679  7.080651
680  6.969446
681  8.046783
682  7.622530
683  7.339369
684  8.973731
685  10.900516
686  7.073416
687  8.446594
688  7.246531
689  7.026245
690  9.612524
691  9.358849
692  6.950747
693  8.732121
694  7.073438
695  8.835962
696  8.029963
697  10.450982
698  7.599795
699  7.437239
700  9.551966
701  8.120198
702  7.743604
703  8.119210
704  7.157255
705  8.408904
706  7.055433
707  8.722392
708  10.069695
709  7.409889
710  6.958572
711  7.709853
712  7.853846
713  9.087260
714  7.605822
715  8.101417
716  9.768693
717  8.872692
718  7.495764
719  6.975900
720  7.311955
721  9.578438
722  8.024107
723  8.523840
724  10.212062
725  7.101195
726  7.118962
727  7.542444
728  9.197910
729  9.564554
730  7.230603
731  8.056607
732  7.780619
733  7.411876
734  7.101126
735  7.349734
736  9.962405
737  7.273121
738  6.966193
739  7.020752
740  7.009409
741  9.717333
742  9.984144
743  8.505453
744  7.959620
745  8.140355
746  7.941039
747  8.751889
748  6.955736
749  7.019281
750  7.015930
751  7.518311
752  7.262949
753  9.656744
754  7.122461
755  9.782115
756  6.956102
757  9.370487
758  9.023423
759  8.702799
760  7.465323
761  8.456894
762  6.958237
763  9.829031
764  7.811798
765  8.177832
766  8.853928
767  7.963177
768  8.754821
769  7.768543
770  8.603500
771  8.388787
772  7.554364
773  8.463141
774  9.274772
775  9.068440
776  9.055340
777  9.594127
778  8.482616
779  8.014658
780  7.319015
781  7.031274
782  7.827586
783  7.100237
784  8.860534
785  7.737548
786  7.769303
787  7.014094
788  9.467482
789  8.241943
790  7.830849
791  9.398124
792  7.626784
793  7.641167
794  7.344426
795  8.059708
796  7.581667
797  7.498819
798  8.855546
799  7.838697
800  7.485690
801  8.206891
802  7.763347
803  7.374107
804  7.856664
805  7.461899
806  8.586709
807  7.451490
808  9.291907
809  8.898410
810  7.945683
811  7.295843
812  7.013126
813  8.164351
814  7.403852
815  9.915580
816  9.768986
817  10.095229
818  7.919377
819  7.547893
820  9.305278
821  9.801709
822  8.371189
823  7.918435
824  8.766303
825  9.299727
826  8.399935
827  9.777672
828  7.188761
829  7.929888
830  9.144595
831  9.381775
832  6.997189
833  9.015489
834  7.907839
835  7.992746
836  7.802036
837  8.696249
838  11.043014
839  6.971455
840  7.081287
841  7.863565
842  7.544229
843  7.796877
844  8.958513
845  8.992198
846  7.836920
847  10.006271
848  7.001487
849  7.289879
850  7.149364
851  7.962690
852  8.696681
853  10.362756
854  7.241996
855  8.314687
856  9.635959
857  7.707658
858  7.131648
859  8.805772
860  8.025608
861  8.785999
862  10.531345
863  10.628027
864  7.504394
865  8.418761
866  9.087501
867  7.657388
868  8.064712
869  6.976421
870  7.265274
871  7.214925
872  6.950747
873  7.086139
874  8.933670
875  8.034491
876  10.681984
877  10.482284
878  8.009901
879  8.220881
880  6.953809
881  6.959925
882  8.386874
883  7.370957
884  8.169087
885  10.494681
886  7.546749
887  7.097703
888  8.767973
889  7.113012
890  8.439583
891  8.161268
892  7.792199
893  7.983261
894  7.779141
895  9.495310
896  7.409625
897  7.094737
898  7.567601
899  8.584538
900  7.098914
901  7.600105
902  9.520699
903  6.977927
904  7.546921
905  7.653867
906  10.090490
907  7.383393
908  7.252665
909  8.676313
910  7.129020
911  7.751625
912  8.661214
913  8.660422
914  7.628316
915  7.920766
916  6.959087
917  10.932909
918  8.398551
919  7.405755
920  7.267232
921  8.250745
922  7.710619
923  8.400171
924  7.991611
925  7.403441
926  7.475375
927  7.253004
928  7.033866
929  7.173907
930  7.731185
931  7.102935
932  7.844494
933  10.056491
934  8.456118
935  9.157833
936  7.420999
937  7.802760
938  7.542543
939  7.524529
940  8.333613
941  7.049591
942  9.925646
943  8.622476
944  7.829198
945  9.499587
946  8.103673
947  7.082139
948  9.143783
949  7.090011
950  7.540420
951  9.516626
952  6.949791
953  9.779105
954  7.515780
955  8.460574
956  8.643984
957  10.423017
958  9.158411
959  8.257852
960  6.983797
961  8.868333
962  6.977008
963  7.023914
964  7.337187
965  9.111937
966  9.277234
967  7.458240
968  8.254085
969  9.256096
970  7.234245
971  8.106865
972  7.045171
973  8.588720
974  9.978790
975  7.512006
976  7.266060
977  9.762901
978  7.358125
979  7.392376
980  7.461481
981  8.684662
982  8.091649
983  7.496464
984  7.043225
985  7.157927
986  7.653178
987  7.386494
988  8.893412
989  7.792052
990  8.457470
991  8.589159
992  7.105311
993  7.943717
994  7.772707
995  9.881393
996  6.967214
997  7.653629
998  7.813673
999  8.268798
1000  7.790178
1001  8.906511
1002  10.250829
1003  7.751911
1004  7.213017
1005  7.773019
1006  9.664017
1007  7.011452
1008  10.229429
1009  8.688382
1010  7.829885
1011  8.457181
1012  7.363011
1013  7.201331
1014  8.653207
1015  7.989290
1016  9.426145
1017  7.693734
1018  7.738024
1019  7.648562
1020  7.823986
1021  8.501467
1022  9.023518
1023  7.292777
1024  8.820624
1025  8.951713
1026  8.696930
1027  7.869154
1028  8.333895
1029  7.733784
1030  7.414052
1031  8.074433
1032  6.964628
1033  9.744488
1034  7.761293
1035  8.268452
1036  8.010459
1037  10.419218
1038  7.053239
1039  7.772462
1040  10.279527
1041  7.650057
1042  7.574944
1043  10.137737
1044  6.954182
1045  10.584739
1046  6.949787
1047  7.481138
1048  7.048208
1049  9.563787
1050  7.278965
1051  7.940238
1052  7.337277
1053  7.704418
1054  7.458470
1055  8.218872
1056  9.759149
1057  8.513026
1058  8.038461
1059  9.292379
1060  8.627016
1061  7.269175
1062  8.745748
1063  10.434711
1064  7.961102
1065  7.077084
1066  8.921145
1067  6.949788
1068  8.023106
1069  9.382719
1070  10.840317
1071  7.409525
1072  6.975473
1073  8.473017
1074  7.361695
1075  10.775341
1076  9.100567
1077  9.353934
1078  7.689852
1079  7.657438
1080  7.280692
1081  7.941338
1082  9.003607
1083  9.552093
1084  9.967649
1085  7.073601
1086  9.587812
1087  7.578322
1088  7.212325
1089  10.094696
1090  10.125774
1091  9.227988
1092  7.625154
1093  7.013052
1094  9.588152
1095  9.188772
1096  10.501649
1097  8.897619
1098  10.619972
1099  10.544719
1100  8.762857
1101  7.407501
1102  8.268753
1103  9.620162
1104  7.606868
1105  9.667827
1106  9.872436
1107  10.605920
1108  10.485288
1109  9.330566
1110  7.899460
1111  7.558213
1112  7.748088
1113  6.982426
1114  9.132229
1115  7.283812
1116  8.722526
1117  7.407330
1118  8.876518
1119  7.525317
1120  7.909059
1121  7.830411
1122  9.026143
1123  9.346348
1124  7.853179
1125  8.771802
1126  7.084039
1127  7.200332
1128  7.560082
1129  9.283673
1130  8.659194
1131  8.302659
1132  7.288388
1133  8.326768
1134  7.360394
1135  7.888969
1136  7.478987
1137  7.021913
1138  8.927026
1139  8.738269
1140  7.125432
1141  8.534904
1142  7.895444
1143  6.986299
1144  7.430446
1145  9.000820
1146  7.405071
1147  9.087121
1148  10.109068
1149  11.034803
1150  7.039108
1151  9.886748
1152  7.885674
1153  7.521185
1154  9.773636
1155  9.942755
1156  7.162247
1157  7.689764
1158  7.508736
1159  8.108539
1160  7.485354
1161  9.641073
1162  7.231890
1163  7.765234
1164  7.289550
1165  7.540031
1166  8.599233
1167  7.656759
1168  7.969759
1169  9.744144
1170  9.162102
1171  7.836030
1172  7.944748
1173  9.211062
1174  9.737131
1175  6.954166
1176  8.656929
1177  8.255442
1178  6.955817
1179  7.850718
1180  7.615699
1181  7.079434
1182  7.099720
1183  7.287440
1184  8.011399
1185  7.266048
1186  7.024646
1187  8.123731
1188  8.858179
1189  7.483302
1190  7.571469
1191  8.248964
1192  10.583042
1193  7.191012
1194  8.630043
1195  7.174886
1196  6.999194
1197  9.464017
1198  7.003361
1199  10.586105
1200  8.783903
1201  8.527307
1202  9.993081
1203  10.236205
1204  7.373975
1205  8.321196
1206  9.581761
1207  8.412448
1208  8.104110
1209  8.469434
1210  8.213255
1211  7.450892
1212  7.875152
1213  7.771513
1214  9.010045
1215  10.979546
1216  7.045903
1217  8.243117
1218  7.810508
1219  8.106506
1220  9.505333
1221  10.243755
1222  8.877351
1223  7.658241
1224  7.245899
1225  7.895813
1226  9.390471
1227  8.997737
1228  7.554665
1229  7.837689
1230  7.420939
1231  10.750641
1232  7.355623
1233  7.206317
1234  7.361652
1235  9.799332
1236  8.217681
1237  9.595546
1238  8.889923
1239  8.384650
1240  6.969294
1241  7.322138
1242  9.886529
1243  7.562644
1244  7.073987
1245  7.074048
1246  9.662147
1247  7.010762
1248  7.661908
1249  7.672039
1250  8.571521
1251  7.881132
1252  7.963693
1253  10.839676
1254  7.629592
1255  8.197153
1256  7.374238
1257  8.455706
1258  7.462668
1259  7.896469
1260  7.031914
1261  7.007902
1262  7.023189
1263  7.842591
1264  7.412915
1265  7.420874
1266  7.534403
1267  8.635380
1268  9.760751
1269  7.166605
1270  7.765700
1271  9.437947
1272  7.836305
1273  7.260622
1274  9.403129
1275  8.134171
1276  9.883118
1277  7.066457
1278  10.100833
1279  8.439750
1280  9.162344
1281  8.765258
1282  7.000649
1283  7.641591
1284  10.157212
1285  11.135652
1286  7.505246
1287  7.100636
1288  7.520259
1289  10.664528
1290  7.540131
1291  7.685280
1292  8.285053
1293  7.181028
1294  9.663467
1295  9.381933
1296  8.414876
1297  8.204306
1298  10.238892
1299  7.118099
1300  7.597166
1301  9.914417
1302  7.252741
1303  7.655653
1304  9.108171
1305  8.720068
1306  7.603844
1307  7.163372
1308  9.830813
1309  8.503948
1310  7.548694
1311  9.381203
1312  10.727736
1313  8.482287
1314  7.282106
1315  7.343742
1316  7.990925
1317  8.219741
1318  10.653565
1319  6.949787
1320  10.522301
1321  7.589296
1322  7.725820
1323  7.002883
1324  10.380245
1325  7.072106
1326  8.235002
1327  9.681253
1328  7.877422
1329  8.740584
1330  9.424608
1331  7.947844
1332  7.495431
1333  7.817485
1334  9.708305
1335  7.671817
1336  7.947528
1337  7.504524
1338  7.132752
1339  6.953494
1340  7.074928
1341  6.983622
1342  8.887854
1343  7.661387
1344  8.300911
1345  7.282772
1346  9.337156
1347  8.447389
1348  8.164738
1349  9.512925
1350  7.080046
1351  7.587352
1352  9.720786
1353  9.759780
1354  7.326657
1355  7.513434
1356  9.054834
1357  8.266485
1358  8.257303
1359  7.254870
1360  7.679354
1361  8.413022
1362  8.570916
1363  7.803273
1364  10.174637
1365  7.605725
1366  8.143071
1367  8.265746
1368  7.375273
1369  7.881717
1370  7.477360
1371  9.416346
1372  7.164379
1373  11.212564
1374  7.372500
1375  7.126670
1376  8.628469
1377  7.123636
1378  9.120938
1379  8.646474
1380  7.700900
1381  7.208164
1382  7.835809
1383  9.404397
1384  9.099625
1385  7.746960
1386  7.274976
1387  9.870998
1388  8.051142
1389  7.870516
1390  7.179941
1391  7.435913
1392  7.948592
1393  7.140925
1394  7.904283
1395  7.698981
1396  7.911604
1397  10.072734
1398  9.492248
1399  9.101305
1400  10.227233
1401  8.632703
1402  9.416617
1403  8.779920
1404  8.663154
1405  7.871086
1406  8.192047
1407  8.614569
1408  8.338696
1409  8.537419
1410  8.221780
1411  10.498831
1412  8.045525
1413  8.412322
1414  8.322675
1415  8.041517
1416  10.244323
1417  9.930473
1418  9.763695
1419  9.516985
1420  10.424239
1421  10.169824
1422  9.940387
1423  10.002868
1424  10.512292
1425  10.041880
1426  10.648587
1427  8.718158
1428  10.184509
1429  9.753674
1430  9.372748
1431  10.382349
1432  9.354574
1433  10.144035
1434  9.600572
1435  10.154657
1436  7.781757
1437  8.688397
1438  9.889324
1439  9.794622
1440  10.076466
1441  10.264297
1442  9.781144
1443  10.540553
1444  9.571499
1445  9.826172
1446  10.006711
1447  7.959148
1448  9.900370
1449  9.705508
1450  9.380042
1451  9.033706
1452  9.246793
1453  10.001416
1454  10.021067
1455  10.416771
1456  8.370559
1457  10.392921
1458  10.181788
1459  9.945966
1460  9.929348
1461  9.934688
1462  10.280117
1463  7.721917
1464  8.655579
1465  8.245904
1466  10.688807
1467  9.729451
1468  8.989563
1469  9.457977
1470  8.967460
1471  8.190428
1472  9.708829
1473  9.510773
1474  8.132282
1475  9.921466
1476  9.975527
1477  10.050975
1478  9.089244
1479  9.497971
1480  9.914566
1481  7.804639
1482  9.441455
1483  8.269333
1484  9.548379
1485  10.120600
1486  10.137311
1487  7.921854
1488  9.575821
1489  8.432456
1490  11.507342
1491  8.551500
1492  7.627349
1493  8.111244
1494  9.176826
1495  10.438061
1496  9.765254
1497  9.999222
1498  7.118783
1499  7.808758
1500  8.432184
1501  9.599199
1502  8.158899
1503  9.911136
1504  8.983780
1505  7.688876
1506  3.138272
1507  3.138084
1508  6.156364
1509  5.870514
1510  5.899413
1511  6.138344
1512  7.075315
1513  6.238384
1514  6.245575
1515  6.294598
1516  5.780276
1517  6.255945
1518  6.975233
1519  5.899013
1520  7.088182
1521  7.211131
1522  7.542004
1523  8.129511
1524  5.954823
1525  6.729681
1526  5.391411
1527  7.480679
1528  8.217931
1529  7.235133
1530  7.124530
1531  5.994108
1532  7.821062
1533  7.878621
1534  7.379092
1535  8.967931
1536  6.205795
1537  6.629481
1538  9.438048
1539  8.966288
1540  7.295312
1541  5.599285
1542  8.716531
1543  5.404368
1544  6.400921
1545  6.338474
1546  6.609851
1547  5.508953
1548  6.152369
1549  6.148240
1550  5.502089
1551  7.863987
1552  7.960295
1553  6.051171
1554  8.707783
1555  8.031840
1556  8.011803
1557  9.084198
1558  7.553840
1559  8.309930
1560  7.766995
1561  8.954595
1562  5.419522
1563  8.545351
1564  7.237116
1565  8.418524
1566  6.602292
1567  5.549812
1568  6.917723
1569  8.506195
1570  7.836470
1571  6.777476
1572  5.506910
1573  9.497780
1574  7.075053
1575  7.540367
1576  7.364832
1577  8.813963
1578  7.188606
1579  8.571542
1580  7.299670
1581  8.703898
1582  8.581767
1583  6.757779
1584  7.164853
1585  6.949022
1586  6.468191
1587  8.056925
1588  8.926802
1589  8.545010
1590  6.643543
1591  7.846193
1592  6.245419
1593  8.679581
1594  6.510794
1595  8.978420
1596  8.080184
1597  6.471566
1598  6.610568
1599  5.738509
1600  8.315836
1601  7.465197
1602  7.237980
1603  5.391459
1604  5.649585
1605  6.140385
1606  7.180704
1607  7.622103
1608  8.164553
1609  5.901705
1610  6.985268
1611  8.092045
1612  8.619188
1613  6.829880
1614  7.733428
1615  6.048217
1616  8.889250
1617  8.438711
1618  7.162395
1619  8.216588
1620  9.109138
1621  6.084272
1622  6.082267
1623  5.738539
1624  7.117727
1625  7.051294
1626  7.770580
1627  5.696383
1628  7.923520
1629  7.177193
1630  6.572483
1631  6.353053
1632  7.889789
1633  6.105018
1634  7.434645
1635  8.011268
1636  5.741351
1637  6.649042
1638  7.782671
1639  7.376805
1640  7.363657
1641  6.699370
1642  6.797206
1643  8.791886
1644  8.525684
1645  7.421685
1646  7.355889
1647  8.023357
1648  9.268385
1649  6.349799
1650  5.460432
1651  9.193186
1652  6.701185
1653  8.488520
1654  8.143526
1655  6.214837
1656  8.977673
1657  8.819738
1658  6.961117
1659  6.609532
1660  7.518883
1661  7.597033
1662  7.447868
1663  9.376838
1664  8.831877
1665  8.671366
1666  6.874686
1667  6.714243
1668  7.520506
1669  8.483157
1670  7.063077
1671  6.442978
1672  8.175674
1673  8.817545
1674  8.844594
1675  8.346132
1676  6.844510
1677  6.237609
1678  6.141356
1679  8.013888
1680  6.443981
1681  6.255707
1682  6.199440
1683  6.642528
1684  7.434182
1685  7.997549
1686  7.352165
1687  6.135437
1688  6.439027
1689  8.657397
1690  7.248917
1691  8.870082
1692  8.185751
1693  7.749687
1694  7.816845
1695  7.866542
1696  5.391408
1697  6.799538
1698  6.089949
1699  9.345279
1700  6.741800
1701  8.181303
1702  8.208064
1703  7.965909
1704  7.254761
1705  9.241419
1706  7.719852
1707  9.191439
1708  6.146268
1709  7.165856
1710  8.752488
1711  6.474258
1712  6.810786
1713  7.910152
1714  6.030134
1715  5.609041
1716  8.278052
1717  3.720479
1718  7.804183
1719  7.824240
1720  7.586515
1721  6.361839
1722  6.531497
1723  7.624900
1724  6.160573
1725  6.391374
1726  7.666199
1727  6.703888
1728  7.583687
1729  6.012492
1730  5.014206
1731  5.047978
1732  5.047996
1733  6.913693
1734  6.765665
1735  5.888905
1736  7.809940
1737  7.269831
1738  4.699121
1739  7.354089
1740  7.556148
1741  6.286838
1742  6.553345
1743  7.241562
1744  7.298737
1745  7.936544
1746  4.483987
1747  7.221799
1748  7.353806
1749  6.550100
1750  1.177987
1751  6.521267
1752  6.853021
1753  7.987440
1754  5.271444
1755  6.987899
1756  7.019002
1757  6.380261
1758  7.269796
1759  7.319218
1760  1.178824
1761  6.746881
1762  6.629702
1763  1.178824
1764  1.178824
1765  6.478310
1766  6.346656
1767  1.178824
1768  7.290956
1769  6.839066
1770  7.172877
1771  7.108785
1772  7.470885
1773  4.819754
1774  6.352482
1775  6.648066
1776  1.178824
1777  6.896056
1778  5.982190
1779  7.322934
1780  6.343181
1781  6.323804
1782  7.130859
1783  6.326738
1784  7.168332
1785  7.417304
1786  1.178824
1787  6.006417
1788  7.277736
1789  2.720246
1790  7.340345
1791  6.895170
1792  7.037693
1793  3.090689
1794  7.204681
1795  7.373547
1796  7.690992
1797  4.930374
1798  4.932460
1799  7.251309
1800  7.246043
1801  4.207047
1802  7.247696
1803  7.347139
1804  5.625319
1805  6.828126
1806  7.026923
1807  4.433758
1808  1.178824
1809  7.189136
1810  5.249596
1811  5.091914
1812  1.178824
1813  7.267905
1814  6.737465
1815  5.597656
1816  7.154266
1817  6.533312
1818  6.836369
1819  6.305879
1820  2.289030
1821  12.643484
1822  6.014222
1823  5.817437
1824  5.643638
1825  6.363840
1826  5.689195
1827  8.220546
1828  4.110427
1829  4.019449
1830  4.887611
1831  10.499924
1832  7.635477
1833  8.251652
1834  5.242903
1835  6.395513
1836  5.331765
1837  0.712168
1838  6.631425
1839  8.521104
1840  8.071570
1841  7.658238
1842  8.434740
1843  8.952356
1844  4.114235
1845  5.866132
1846  7.271246
1847  4.938374
1848  8.153508
1849  5.197039
1850  8.907135
1851  6.996352
1852  6.473729
1853  7.597152
1854  6.877663
1855  5.973347
1856  7.024248
1857  6.603099
1858  8.994426
1859  6.201985
1860  5.708413
1861  6.559447
1862  5.122087
1863  7.528745
1864  8.784442
1865  6.612043
1866  5.929628
1867  6.537301
1868  6.120287
1869  8.314646
1870  5.350949
1871  7.973185
1872  7.339505
1873  7.933786
1874  6.855375
1875  6.560137
1876  7.635766
1877  6.376198
1878  5.135831
1879  7.279544
1880  5.083290
1881  6.934004
1882  6.787468
1883  7.317106
1884  7.365896
1885  5.801711
1886  6.942993
1887  6.621540
1888  4.372015
1889  1.306881
1890  8.626453
1891  6.590283
1892  8.621792
1893  7.091228
1894  4.433706
1895  3.828444
1896  6.105400
1897  8.027947
1898  6.763653
1899  7.728484
1900  6.869833
1901  5.919599
1902  4.310937
1903  6.963107
1904  6.139881
1905  7.621384
1906  5.462279
1907  6.154885
1908  6.549430
1909  7.390818
1910  6.656420
1911  7.912947
1912  5.485380
1913  6.537417
1914  6.875737
1915  7.312404
1916  6.371392
1917  6.858070
1918  7.979611
1919  7.817616
1920  4.433520
1921  6.193778
1922  6.951754
1923  6.717342
1924  6.827161
1925  7.855401
1926  8.487750
1927  6.555674
1928  7.058441
1929  7.966978
1930  3.254107
1931  6.278108
1932  7.509803
1933  5.333740
1934  6.342789
1935  3.737023
1936  5.440179
1937  7.184581
1938  6.853810
1939  6.548017
1940  7.020176
1941  5.692237
1942  7.591141
1943  5.371533
1944  6.177676
1945  7.951312
1946  0.711815
1947  5.040838
1948  6.726039
1949  7.078132
1950  8.794697
1951  6.467026
1952  7.154169
1953  5.948080
1954  6.974670
1955  7.692497
1956  6.116616
1957  5.759853
1958  5.939481
1959  7.410881
1960  8.025696
1961  6.186061
1962  7.056981
1963  6.815989
1964  8.074644
1965  8.076807
1966  5.686790
1967  6.467054
1968  8.610368
1969  8.669840
1970  5.211677
1971  6.291102
1972  8.235387
1973  9.154232
1974  7.753017
1975  8.619543
1976  6.676744
1977  3.785731
1978  6.851744
1979  8.195302
1980  7.235779
1981  6.822133
1982  6.178304
1983  7.081527
1984  6.305031
1985  7.519774
1986  1.415142
1987  7.843083
1988  6.300697
1989  6.640944
1990  7.099577
1991  4.838001
1992  7.307136
1993  7.118063
1994  7.712969
1995  6.545015
1996  4.518232
1997  5.171486
1998  8.152301
1999  4.248874
2000  5.243903
2001  8.163659
2002  6.172952
2003  6.733546
2004  4.842640
2005  5.217722
2006  3.270301
2007  6.784839
2008  6.996305
2009  6.579158
2010  5.618050
2011  5.500019
2012  5.195601
2013  6.290095
2014  5.546989
2015  6.060199
2016  5.297451
2017  5.298969
2018  5.934602
2019  5.891509
2020  5.709092
2021  2.586194
2022  6.577681
2023  5.635375
2024  6.708550
2025  4.870392
2026  5.349429
2027  5.566094
2028  6.505964
2029  2.586153
2030  5.029972
2031  6.123630
2032  6.431821
2033  5.891509
2034  6.628989
2035  7.044869
2036  2.586194
2037  2.586194
2038  5.141659
2039  4.919738
2040  4.689369
2041  8.222702
2042  8.395393
2043  8.001401
2044  6.206230
2045  5.701992
2046  7.925187
2047  8.170053
2048  6.951548
2049  6.567830
2050  8.185192
2051  6.369914
2052  7.326678
2053  8.600954
2054  8.207176
2055  8.645962
2056  7.291599
2057  6.737754
2058  6.317374
2059  8.391482
2060  6.343857
2061  6.598405
2062  6.533985
2063  6.782212
2064  6.278576
2065  6.505451
2066  8.205003
2067  6.893415
2068  8.942268
2069  6.132665
2070  6.664586
2071  6.657851
2072  7.928713
2073  8.675594
2074  6.953215
2075  6.927803
2076  6.415569
2077  7.051437
2078  7.494563
2079  7.523048
2080  6.103736
2081  5.823183
2082  7.544437
2083  7.658231
2084  7.673603
2085  6.473557
2086  7.218164
2087  8.492729
2088  9.507448
2089  8.417169
2090  8.328192
2091  7.218228
2092  7.192214
2093  7.658730
2094  6.755420
2095  6.427742
2096  9.012781
2097  5.861749
2098  7.929641
2099  9.005544
2100  7.757869
2101  7.085565
2102  8.059316
2103  9.020689
2104  7.817755
2105  8.655868
2106  8.489275
2107  8.861919
2108  8.345661
2109  7.753309
2110  8.037076
2111  8.874271
2112  7.345954
2113  9.128453
2114  8.433001
2115  7.628210
2116  5.382954
2117  8.374015
2118  7.561806
2119  7.108922
2120  7.574813
2121  7.984666
2122  8.084317
2123  8.975725
2124  7.494018
2125  9.918378
2126  10.985552
2127  9.703380
2128  9.857350
2129  9.675193
2130  10.841985
2131  9.801210
2132  7.248858
2133  10.337676
2134  9.871817
2135  9.405290
2136  9.255199
2137  9.369971
2138  9.961801
2139  9.700191
2140  9.345312
2141  9.720470
2142  9.731461
2143  8.505144
2144  8.172315
2145  11.054864
2146  10.302091
2147  8.521426
2148  8.481948
2149  9.009689
2150  10.445524
2151  9.616276
2152  10.391172
2153  9.695212
2154  11.470272
2155  9.737230
2156  9.160080
2157  9.668757
2158  8.608303
2159  9.096298
2160  9.190508
2161  7.377338
2162  9.035828
2163  10.051773
2164  9.624615
2165  9.307643
2166  7.516595
2167  10.734057
2168  10.084387
2169  9.827726
2170  9.946309
2171  9.626677
2172  9.533633
2173  9.972208
2174  5.394438
2175  7.476938
2176  7.428304
2177  7.163026
2178  7.955802
2179  7.815920
2180  7.903141
2181  5.590677
2182  6.781506
2183  8.265028
2184  8.542262
2185  6.834377
2186  6.940730
2187  7.073094
2188  9.984821
2189  8.537735
2190  8.733780
2191  6.931011
2192  9.080913
2193  9.456228
2194  9.841664
2195  9.431366
2196  8.738533
2197  9.279256
2198  9.244989
2199  9.502824
2200  9.645199
2201  9.048674
2202  8.913995
2203  8.321286
2204  9.148448
2205  9.292194
2206  7.633207
2207  9.817731
2208  8.588510
2209  9.861786
2210  9.468749
2211  9.396095
2212  9.891339
2213  7.318551
2214  6.705678
2215  9.149768
2216  9.891681
2217  7.606160
2218  9.430450
2219  7.503597
2220  9.443008
2221  6.639528
2222  9.697768
2223  8.679375
2224  10.543866
2225  7.837081
2226  7.614522
2227  9.556557
2228  9.393643
2229  9.447482
2230  6.828338
2231  8.384562
2232  9.552834
2233  5.823360
2234  7.336691
2235  7.783279
2236  9.511857
2237  7.370874
2238  8.661724
2239  8.341294
2240  6.775465
2241  8.491269
2242  7.410938
2243  9.638535
2244  8.064311
2245  7.442441
2246  9.224960
2247  8.585489
2248  8.751406
2249  7.173827
2250  7.976363
2251  9.498739
2252  7.059234
2253  6.066278
2254  7.881457
2255  7.476904
2256  9.086841
2257  8.285126
2258  9.224924
2259  9.480367
2260  8.444320
2261  8.332523
2262  6.856514
2263  9.221035
2264  7.507286
2265  6.134630
2266  7.729238
2267  7.086468
2268  6.518390
2269  8.898308
2270  7.758963
2271  4.646003
2272  5.470698
2273  9.401370
2274  6.193174
2275  6.824406
2276  6.703134
2277  8.863526
2278  6.663029
2279  6.601305
2280  7.357406
2281  7.709470
2282  6.959791
2283  7.314467
2284  8.895993
2285  7.809966
2286  6.338713
2287  6.671494
2288  7.637059
2289  8.392448
2290  7.996776
2291  3.393974
2292  7.998007
2293  9.559431
2294  8.483639
2295  8.264831
2296  9.591519
2297  8.512595
2298  6.102901
2299  5.408840
2300  5.938426
2301  6.847889
2302  6.809765
2303  8.231807
2304  8.850138
2305  9.502730
2306  7.456110
2307  5.721846
2308  7.182911
2309  7.131189
2310  5.170919
2311  7.221708
2312  9.255314
2313  8.008339
2314  8.697078
2315  9.907514
2316  8.517565
2317  6.576063
2318  7.699161
2319  6.354302
2320  6.942377
2321  9.144110
2322  8.511762
2323  9.223903
2324  7.840707
2325  8.537227
2326  9.913602
2327  9.339403
2328  8.495821
2329  9.257892
2330  8.473036
2331  7.239499
2332  7.808696
2333  7.059330
2334  8.748542
2335  8.566666
2336  6.242168
2337  4.792257
2338  7.857913
2339  6.364010
2340  8.374376
2341  6.979101
2342  7.964382
2343  8.717831
2344  5.010336
2345  5.841999
2346  9.202634
2347  9.467854
2348  7.022081
2349  8.866672
2350  8.962928
2351  9.523937
2352  7.844717
2353  7.600868
2354  8.361787
2355  9.585119
2356  8.549708
2357  3.756570
2358  7.244035
2359  6.136849
2360  6.147583
2361  4.033721
2362  9.643661
2363  7.129030
2364  7.549981
2365  8.655421
2366  7.364722
2367  3.903491
2368  6.505669
2369  9.269079
2370  6.708462
2371  6.793209
2372  7.383562
2373  6.408094
2374  5.695286
2375  8.372289
2376  7.340324
2377  3.636882
2378  7.163671
2379  8.736183
2380  5.558136
2381  7.561745
2382  8.617852
2383  6.979375
2384  4.907585
2385  6.857353
2386  7.334346
2387  6.728220
2388  6.621896
2389  7.836733
2390  6.117675
2391  7.263868
2392  9.020989
2393  9.250597
2394  7.615683
2395  7.249171
2396  7.335615
2397  7.702503
2398  9.277461
2399  6.292746
2400  8.102582
2401  7.718060
2402  6.662308
2403  10.122950
2404  7.803482
2405  7.809126
2406  2.459748
2407  7.918463
2408  7.669818
2409  7.588118
2410  7.810272
2411  6.339039
2412  7.448134
2413  9.280584
2414  7.534315
2415  7.221213
2416  6.555626
2417  8.875362
2418  8.083699
2419  4.791913
2420  6.709223
2421  5.279932
2422  6.788997
2423  7.392693
2424  4.689793
2425  6.758420
2426  9.018576
2427  9.749279
2428  9.110931
2429  8.215743
2430  9.130983
2431  9.139145
2432  7.101687
2433  7.212496
2434  8.360330
2435  9.121421
2436  9.022627
2437  8.416307
2438  8.467637
2439  6.421566
2440  9.646028
2441  6.392715
2442  6.961423
2443  8.875814
2444  8.279674
2445  5.925631
2446  5.958918
2447  6.708282
2448  8.299617
2449  6.682000
2450  7.085718
2451  9.327596
2452  7.455344
2453  6.260415
2454  8.660464
2455  5.997541
2456  8.254503
2457  8.419754
2458  6.365777
2459  4.715206
2460  5.850947
2461  9.252545
2462  5.413560
2463  9.021055
2464  9.008579
2465  9.421398
2466  7.865180
2467  7.351809
2468  9.095088
2469  9.200758
2470  8.920967
2471  8.647044
2472  9.039476
2473  8.344758
2474  9.369003
2475  9.292423
2476  6.824288
2477  7.473862
2478  8.896037
2479  9.007274
2480  8.397992
2481  4.264215
2482  7.061049
2483  8.101539
2484  9.107351
2485  7.109771
2486  9.467499
2487  9.341800
2488  8.472011
2489  5.778475
2490  8.650303
2491  8.291259
2492  6.683454
2493  7.286431
2494  6.716315
2495  8.717408
2496  8.823086
2497  9.049791
2498  8.733633
2499  6.308115
2500  9.238374
2501  9.662987
2502  8.555148
2503  8.626801
2504  7.073774
2505  7.233224
2506  7.385363
2507  8.532953
2508  9.717237
2509  5.122223
2510  7.924276
2511  6.511062
2512  8.577783
2513  9.484458
2514  6.497637
2515  8.262060
2516  6.874646
2517  9.401817
2518  6.227029
2519  5.425715
2520  6.857741
2521  9.665830
2522  7.261039
2523  8.960513
2524  8.472958
2525  6.968459
2526  9.163931
2527  8.694541
2528  3.977190
2529  7.843160
2530  7.468392
2531  5.793272
2532  7.425064
2533  6.828417
2534  7.009557
2535  7.300842
2536  8.642096
2537  9.514867
2538  7.589490
2539  8.771944
2540  8.773698
2541  6.874938
2542  8.828126
2543  9.091284
2544  8.596654
2545  8.875452
2546  7.108526
2547  8.164980
2548  6.703369
2549  5.531320
2550  9.442714
2551  9.093822
2552  8.415499
2553  4.205319
2554  7.615128
2555  6.838432
2556  7.068768
2557  7.769147
2558  6.382114
2559  7.642610
2560  8.323641
2561  5.814094
2562  7.840414
2563  8.971448
2564  7.741543
2565  8.626883
2566  9.183970
2567  7.888905
2568  6.893430
2569  8.547912
2570  9.480275
2571  8.981949
2572  6.546543
2573  8.598348
2574  6.145513
2575  2.459748
2576  7.512517
2577  9.320095
2578  9.452422
2579  7.992697
2580  4.387379
2581  9.502064
2582  7.003874
2583  8.502208
2584  7.739788
2585  6.919733
2586  7.250857
2587  5.113806
2588  5.545245
2589  8.230075
2590  8.344407
2591  6.818287
2592  9.219091
2593  7.139179
2594  9.621017
2595  8.407468
2596  6.543366
2597  9.174515
2598  5.006314
2599  9.136212
2600  6.999762
2601  5.560790
2602  9.165991
2603  6.766938
2604  6.306866
2605  8.759242
2606  8.520073
2607  6.739548
2608  6.876948
2609  6.477563
2610  6.885215
2611  8.930969
2612  2.459748
2613  8.506085
2614  8.716259
2615  5.183623
2616  7.305777
2617  9.306658
2618  8.687413
2619  9.519061
2620  7.583892
2621  7.333165
2622  9.900391
2623  6.324376
2624  9.114284
2625  8.422986
2626  8.207637
2627  8.721064
2628  5.766195
2629  8.747226
2630  9.689871
2631  5.598276
2632  6.743279
2633  6.515577
2634  5.288692
2635  6.489949
2636  9.040844
2637  8.775692
2638  6.144503
2639  8.520475
2640  7.409400
2641  9.229709
2642  6.816475
2643  8.923332
2644  8.551855
2645  8.754717
2646  7.003086
2647  7.252631
2648  5.876847
2649  8.949358
2650  8.300096
2651  8.738224
2652  9.685091
2653  8.780676
2654  8.267091
2655  8.944148
2656  9.094264
2657  4.887491
2658  6.749155
2659  7.836932
2660  7.719836
2661  3.153585
2662  6.245926
2663  5.247180
2664  6.563732
2665  7.812931
2666  6.711257
2667  5.799241
2668  9.361123
2669  6.331311
2670  4.499652
2671  8.021307
2672  8.337536
2673  7.251812
2674  7.128050
2675  8.983126
2676  6.663616
2677  8.559386
2678  5.733712
2679  7.075481
2680  8.926156
2681  8.853676
2682  4.914818
2683  7.546692
2684  8.817097
2685  9.450521
2686  7.112962
2687  9.347694
2688  6.647377
2689  9.487529
2690  6.699711
2691  6.963231
2692  6.886134
2693  8.588798
2694  6.076234
2695  7.883918
2696  5.061335
2697  7.570168
2698  8.076563
2699  7.199948
2700  8.842630
2701  7.313687
2702  7.378770
2703  8.979962
2704  9.006412
2705  4.948111
2706  7.738153
2707  8.206907
2708  5.792612
2709  5.794586
2710  8.887354
2711  2.459150
2712  8.659646
2713  9.172233
2714  8.080562
2715  8.668624
2716  7.245694
2717  6.859278
2718  8.039421
2719  6.669892
2720  7.572936
2721  7.297664
2722  8.977528
2723  8.384632
2724  5.895676
2725  9.387878
2726  6.989200
2727  6.670545
2728  5.592818
2729  7.718443
2730  8.448415
2731  8.582930
2732  8.248035
2733  7.353842
2734  7.436534
2735  6.916230
2736  7.269094
2737  7.887930
2738  7.940526
2739  8.919329
2740  7.465841
2741  6.769768
2742  5.917434
2743  6.739643
2744  8.185690
2745  8.548390
2746  7.554124
2747  7.462761
2748  8.789432
2749  7.504204
2750  9.096295
2751  4.292429
2752  7.887953
2753  6.421631
2754  2.459150
2755  7.521512
2756  9.634457
2757  7.883354
2758  6.411809
2759  7.453596
2760  7.619127
2761  8.222997
2762  8.898564
2763  9.029463
2764  7.261056
2765  6.256350
2766  7.565966
2767  6.447159
2768  6.375115
2769  9.026055
2770  7.272423
2771  7.635302
2772  5.659090
2773  9.432175
2774  8.612891
2775  6.312610
2776  7.927683
2777  8.967386
2778  8.351617
2779  7.972131
2780  7.594470
2781  8.402056
2782  7.229747
2783  8.039841
2784  5.727316
2785  9.169699
2786  5.360143
2787  6.294624
2788  5.809155
2789  5.707013
2790  8.192359
2791  7.659416
2792  8.789348
2793  7.648916
2794  7.273967
2795  9.098237
2796  7.807995
2797  9.706945
2798  6.363406
2799  5.189581
2800  6.673693
2801  8.926630
2802  7.566571
2803  7.273216
2804  8.337060
2805  8.521936
2806  9.939811
2807  6.546067
2808  8.717132
2809  7.531107
2810  8.295644
2811  8.916362
2812  8.172372
2813  8.986213
2814  6.915169
2815  7.889808
2816  8.936939
2817  8.066633
2818  5.039537
2819  7.126610
2820  7.307561
2821  5.839436
2822  7.106735
2823  5.434968
2824  6.042110
2825  7.126114
2826  7.873297
2827  6.860593
2828  7.088104
2829  8.318273
2830  5.675176
2831  7.097659
2832  9.803090
2833  9.087599
2834  6.287988
2835  6.200825
2836  9.320365
2837  7.038148
2838  7.086417
2839  8.606547
2840  7.304537
2841  9.569457
2842  8.742293
2843  6.061055
2844  5.926125
2845  8.964456
2846  5.792001
2847  7.745932
2848  6.708932
2849  9.017497
2850  7.362790
2851  7.752135
2852  9.073171
2853  7.008715
2854  9.278494
2855  9.081365
2856  7.904105
2857  9.126068
2858  9.189709
2859  6.321603
2860  9.222137
2861  9.384356
2862  6.727897
2863  8.814483
2864  6.576938
2865  7.093914
2866  6.922997
2867  6.739768
2868  7.322909
2869  9.163018
2870  9.156553
2871  10.043020
2872  8.299520
2873  8.489375
2874  6.201846
2875  6.397001
2876  8.437888
2877  5.064825
2878  7.082808
2879  5.413363
2880  7.334211
2881  7.250100
2882  4.178214
2883  6.519480
2884  7.479357
2885  8.751623
2886  7.545378
2887  6.941045
2888  8.653361
2889  6.768327
2890  7.154960
2891  8.408134
2892  9.511663
2893  5.837586
2894  5.865163
2895  7.615031
2896  8.678045
2897  6.917031
2898  7.257861
2899  7.719283
2900  8.199069
2901  9.046297
2902  9.895448
2903  5.318697
2904  7.959796
2905  7.727370
2906  6.508394
2907  7.163111
2908  8.529449
2909  6.621523
2910  5.188245
2911  5.112761
2912  8.746127
2913  3.662099
2914  6.831079
2915  7.960435
2916  8.692448
2917  9.402264
2918  6.255128
2919  8.919981
2920  7.384601
2921  7.978311
2922  6.689893
2923  5.686408
2924  6.972012
2925  9.725262
2926  6.891882
2927  5.432488
2928  6.015290
2929  7.049280
2930  7.718363
2931  5.509025
2932  8.909364
2933  9.777005
2934  8.452002
2935  4.981236
2936  8.189234
2937  8.448202
2938  8.006269
2939  6.760217
2940  9.133054
2941  8.353580
2942  8.036662
2943  6.315020
2944  10.669274
2945  10.360656
2946  8.367619
2947  7.802968
2948  6.646319
2949  8.559933
2950  5.920247
2951  9.915203
2952  8.345483
2953  6.988078
2954  10.247121
2955  6.323116
2956  7.724334
2957  6.538448
2958  6.395567
2959  8.198155
2960  7.156078
2961  3.604939
2962  10.660266
2963  7.899934
2964  10.685700
2965  7.457240
2966  10.677294
2967  6.736299
2968  5.690677
2969  6.532564
2970  9.881545
2971  5.624220
2972  7.838826
2973  7.559123
2974  8.268165
2975  5.683342
2976  10.645637
2977  9.236673
2978  9.431522
2979  7.150826
2980  10.481819
2981  7.564576
2982  4.549975
2983  8.949698
2984  10.528651
2985  5.115785
2986  7.923462
2987  5.834269
2988  6.765749
2989  10.522853
2990  8.418245
2991  8.439010
2992  7.113395
2993  10.751397
2994  10.542587
2995  10.970563
2996  10.274016
2997  7.959120
2998  7.478807
2999  9.261077
3000  7.026135
3001  6.914464
3002  10.787708
3003  4.960946
3004  10.046834
3005  7.531576
3006  7.642491
3007  10.292636
3008  8.262764
3009  6.324151
3010  7.805111
3011  6.392564
3012  5.273657
3013  5.766851
3014  5.575873
3015  6.464757
3016  5.676396
3017  6.703628
3018  10.323145
3019  7.532154
3020  8.191055
3021  7.372913
3022  7.384311
3023  7.656189
3024  10.636994
3025  10.495163
3026  5.936379
3027  7.619952
3028  6.843373
3029  10.493135
3030  10.256253
3031  5.449056
3032  10.503520
3033  7.167189
3034  10.521592
3035  9.885700
3036  7.048758
3037  7.908832
3038  7.037552
3039  6.128301
3040  8.944843
3041  9.748503
3042  8.084167
3043  9.030091
3044  10.691396
3045  9.597890
3046  8.147505
3047  10.123438
3048  10.625409
3049  6.170830
3050  7.667872
3051  10.442194
3052  6.816205
3053  10.711982
3054  10.362997
3055  8.245255
3056  7.008661
3057  9.910224
3058  10.799022
3059  1.893775
3060  6.538240
3061  6.983329
3062  10.187809
3063  10.120013
3064  7.683017
3065  10.065317
3066  10.738564
3067  7.267124
3068  10.651802
3069  7.943193
3070  8.013462
3071  10.526117
3072  5.905101
3073  10.282980
3074  6.918113
3075  7.671767
3076  9.776092
3077  6.751211
3078  5.113777
3079  10.607894
3080  10.573629
3081  6.500637
3082  5.219506
3083  8.111585
3084  10.393578
3085  10.034562
3086  8.021616
3087  10.349760
3088  5.593603
3089  6.630605
3090  10.045753
3091  10.650048
3092  6.664634
3093  7.235153
3094  10.317857
3095  10.174924
3096  10.781323
3097  10.450607
3098  8.488832
3099  7.871325
3100  6.290546
3101  10.734201
3102  8.966202
3103  10.543407
3104  10.472724
3105  7.195151
3106  10.945582
3107  8.107236
3108  7.473499
3109  7.886814
3110  10.684789
3111  6.899602
3112  10.343456
3113  7.426213
3114  6.263657
3115  8.149621
3116  7.386055
3117  9.189734
3118  6.930289
3119  9.354421
3120  9.958830
3121  5.728568
3122  5.010349
3123  3.952154
3124  6.961623
3125  10.697019
3126  7.666430
3127  5.889837
3128  6.059110
3129  4.811389
3130  9.398012
3131  6.965712
3132  4.988366
3133  10.628632
3134  7.019797
3135  10.703848
3136  10.431639
3137  7.896351
3138  6.497048
3139  1.893775
3140  7.261866
3141  10.488032
3142  10.667661
3143  8.181790
3144  4.115614
3145  6.709955
3146  10.851307
3147  7.360129
3148  6.977154
3149  7.887901
3150  9.480321
3151  8.430961
3152  10.112968
3153  9.543908
3154  7.263094
3155  10.009292
3156  6.204655
3157  10.803174
3158  4.233473
3159  10.713752
3160  7.980247
3161  8.118644
3162  8.373502
3163  5.400073
3164  7.680499
3165  10.829082
3166  5.002338
3167  7.994230
3168  8.982466
3169  10.955989
3170  7.283452
3171  8.889755
3172  7.942876
3173  9.875467
3174  6.364680
3175  10.771285
3176  7.967348
3177  8.583767
3178  10.755344
3179  5.225311
3180  6.916583
3181  6.786856
3182  6.280449
3183  5.919146
3184  10.319391
3185  6.239681
3186  5.444526
3187  10.284195
3188  8.320595
3189  8.603592
3190  7.160271
3191  9.972654
3192  6.201259
3193  5.585933
3194  5.741835
3195  1.893775
3196  6.565945
3197  10.568750
3198  7.520194
3199  7.655693
3200  10.617692
3201  10.275535
3202  6.707884
3203  10.504869
3204  8.609620
3205  5.960864
3206  7.253949
3207  8.837589
3208  6.799158
3209  10.604782
3210  6.646100
3211  7.749171
3212  7.735774
3213  10.294641
3214  9.862794
3215  6.254945
3216  7.279702
3217  8.758675
3218  6.626909
3219  9.732457
3220  10.120619
3221  10.300946
3222  10.749707
3223  7.219954
3224  8.433229
3225  6.579883
3226  9.256841
3227  7.057720
3228  6.250557
3229  7.808914
3230  7.735109
3231  6.928493
3232  5.372484
3233  8.280897
3234  10.593316
3235  10.732250
3236  10.557122
3237  9.895297
3238  10.658929
3239  10.086256
3240  7.891942
3241  10.581610
3242  10.741473
3243  7.613869
3244  7.429114
3245  8.426924
3246  7.729033
3247  10.242697
3248  7.038227
3249  7.247724
3250  10.432290
3251  9.265800
3252  10.533265
3253  10.482858
3254  6.782311
3255  5.085387
3256  10.190307
3257  6.670065
3258  8.229963
3259  7.231292
3260  10.431299
3261  8.375106
3262  7.883891
3263  8.458404
3264  10.725710
3265  10.319829
3266  7.932320
3267  6.485035
3268  10.445946
3269  4.719864
3270  10.562166
3271  7.830193
3272  4.250011
3273  10.529139
3274  3.963139
3275  7.144271
3276  10.105185
3277  8.354930
3278  5.677607
3279  8.288285
3280  8.920539
3281  9.370102
3282  7.561735
3283  10.551899
3284  8.852404
3285  7.923913
3286  6.988878
3287  7.283642
3288  6.587631
3289  6.786466
3290  10.461481
3291  7.420713
3292  7.711841
3293  9.289883
3294  10.278209
3295  10.543751
3296  10.822947
3297  7.777258
3298  7.608293
3299  10.594793
3300  7.954449
3301  7.939574
3302  9.792208
3303  5.853353
3304  4.496865
3305  10.403925
3306  6.518631
3307  7.900885
3308  7.050911
3309  7.224660
3310  10.671262
3311  9.260361
3312  10.178838
3313  4.835308
3314  7.433692
3315  10.196054
3316  9.321766
3317  7.239008
3318  4.973868
3319  8.852547
3320  5.684997
3321  7.834177
3322  4.135978
3323  2.833091
3324  7.232779
3325  6.966865
3326  10.359869
3327  7.780448
3328  8.186674
3329  5.962071
3330  5.704263
3331  6.023378
3332  6.639621
3333  6.907888
3334  5.467574
3335  1.893775
3336  10.448388
3337  9.419360
3338  10.776216
3339  6.245736
3340  9.968968
3341  10.052061
3342  1.893775
3343  8.431894
3344  7.403776
3345  7.769039
3346  9.706966
3347  9.416623
3348  8.176719
3349  7.320791
3350  3.644970
3351  10.351240
3352  4.677635
3353  9.915609
3354  10.069334
3355  7.012207
3356  5.782070
3357  7.992689
3358  9.638194
3359  6.991092
3360  10.549608
3361  4.987522
3362  10.178828
3363  7.400618
3364  9.366738
3365  10.572842
3366  6.723678
3367  10.240501
3368  4.975357
3369  9.875676
3370  10.768469
3371  6.847213
3372  5.945546
3373  6.612292
3374  5.546013
3375  8.303565
3376  10.404837
3377  10.114475
3378  6.559361
3379  6.681613
3380  6.585571
3381  7.858804
3382  10.674407
3383  5.043991
3384  5.520601
3385  7.045553
3386  9.610431
3387  6.995236
3388  6.578143
3389  8.726864
3390  9.430434
3391  10.112343
3392  7.572794
3393  3.963175
3394  5.808686
3395  10.163665
3396  5.497157
3397  10.362496
3398  10.360289
3399  10.326757
3400  9.722815
3401  10.487899
3402  9.408546
3403  9.981872
3404  7.566300
3405  6.984733
3406  10.409109
3407  10.770249
3408  10.292299
3409  6.351218
3410  9.690713
3411  10.639473
3412  4.597949
3413  7.277322
3414  6.270945
3415  1.893775
3416  7.159813
3417  7.012155
3418  10.253871
3419  9.577870
3420  10.125536
3421  8.206350
3422  7.169090
3423  10.391699
3424  9.770014
3425  5.555471
3426  6.988390
3427  6.439209
3428  7.799937
3429  10.635894
3430  6.976456
3431  10.731350
3432  9.451383
3433  10.617199
3434  4.578074
3435  1.893775
3436  6.673098
3437  10.584848
3438  10.663974
3439  10.735630
3440  8.850178
3441  10.723585
3442  9.014797
3443  10.712365
3444  8.413099
3445  10.829564
3446  7.456127
3447  7.701073
3448  6.795907
3449  10.618909
3450  7.254019
3451  10.392289
3452  8.359188
3453  4.958860
3454  7.204713
3455  9.990042
3456  10.648239
3457  10.623298
3458  7.541911
3459  7.869734
3460  7.584063
3461  10.490182
3462  9.786990
3463  5.210551
3464  7.919433
3465  4.826898
3466  7.729146
3467  10.416706
3468  7.713411
3469  6.873862
3470  7.430455
3471  8.305137
3472  10.037860
3473  8.128190
3474  7.065394
3475  5.534097
3476  8.253268
3477  10.246361
3478  10.438718
3479  6.929247
3480  8.274731
3481  7.587506
3482  8.554251
3483  7.169246
3484  5.856178
3485  5.464059
3486  7.841550
3487  6.793565
3488  5.466060
3489  5.386509
3490  5.833608
3491  5.363546
3492  8.032784
3493  7.941654
3494  6.335813
3495  5.190651
3496  6.428251
3497  5.190649
3498  7.488815
3499  5.584978
3500  6.445725
3501  6.066988
3502  7.234624
3503  6.191064
3504  6.677544
3505  6.691692
3506  7.329964
3507  6.385671
3508  7.171239
3509  5.233901
3510  7.070682
3511  7.253800
3512  6.552645
3513  6.861003
3514  6.400633
3515  6.046107
3516  6.453918
3517  7.267424
3518  6.286510
3519  5.570106
3520  6.145443
3521  6.262483
3522  7.100324
3523  6.152816
3524  6.251089
3525  5.803074
3526  6.133566
3527  6.529436
3528  7.088724
3529  7.957987
3530  5.307895
3531  6.052285
3532  7.164446
3533  5.803299
3534  6.413959
3535  5.282153
3536  6.510857
3537  6.820983
3538  6.468553
3539  6.435653
3540  6.593442
3541  5.541330
3542  6.049780
3543  5.878640
3544  7.164663
3545  7.935057
3546  5.696248
3547  7.001429
3548  6.635302
3549  6.631945
3550  6.526517
3551  5.949630
3552  6.180063
3553  7.715865
3554  6.022229
3555  6.225751
3556  7.321149
3557  6.434134
3558  5.741430
3559  8.388664
3560  6.166337
3561  6.154647
3562  6.251989
3563  7.329413
3564  6.787117
3565  7.463611
3566  7.533544
3567  5.695659
3568  5.689966
3569  6.072101
3570  6.676378
3571  6.668013
3572  6.398095
3573  6.242182
3574  5.286227
3575  6.841023
3576  5.624825
3577  5.830611
3578  7.310483
3579  5.701321
3580  5.507406
3581  9.009104
3582  6.470396
3583  5.984618
3584  5.634659
3585  6.128213
3586  5.682565
3587  5.469277
3588  7.476757
3589  6.958829
3590  6.473584
3591  7.302648
3592  7.431845
3593  7.121701
3594  5.231999
3595  6.265629
3596  6.243221
3597  6.187057
3598  5.903060
3599  5.816640
3600  5.992801
3601  7.346852
3602  6.826023
3603  5.190649
3604  6.344469
3605  5.665779
3606  6.681385
3607  6.152809
3608  5.361713
3609  7.810803
3610  6.848781
3611  6.379644
3612  5.654591
3613  5.892126
3614  5.936163
3615  5.813100
3616  7.960541
3617  5.599417
3618  6.453432
3619  5.764310
3620  5.308276
3621  7.028871
3622  6.446172
3623  7.916688
3624  6.126202
3625  5.970371
3626  9.063834
3627  5.544573
3628  6.252593
3629  7.345075
3630  5.641067
3631  6.690118
3632  6.567588
3633  6.020103
3634  8.848480
3635  7.571447
3636  5.466093
3637  6.087831
3638  6.593768
3639  5.965263
3640  8.270706
3641  6.393313
3642  6.273769
3643  5.833761
3644  6.587872
3645  6.365558
3646  7.174411
3647  6.975500
3648  5.482228
3649  6.157085
3650  5.894429
3651  6.410711
3652  6.164912
3653  7.563155
3654  6.606036
3655  6.774241
3656  7.631468
3657  6.562534
3658  5.699882
3659  5.392401
3660  6.929177
3661  6.919617
3662  7.037926
3663  5.974578
3664  6.388943
3665  5.948206
3666  7.707131
3667  5.596212
3668  6.733496
3669  6.718017
3670  6.506881
3671  6.657616
3672  6.152626
3673  6.210062
3674  6.589303
3675  6.263820
3676  5.190649
3677  5.457669
3678  5.281267
3679  6.442505
3680  6.313110
3681  6.636555
3682  5.773344
3683  6.219884
3684  5.588487
3685  5.559104
3686  5.504671
3687  6.588830
3688  6.413870
3689  5.609720
3690  5.322484
3691  5.670748
3692  6.667295
3693  6.030568
3694  5.523588
3695  6.754104
3696  5.571531
3697  7.941504
3698  5.324748
3699  6.245391
3700  5.318259
3701  5.656681
3702  5.933242
3703  7.742972
3704  5.923042
3705  5.800454
3706  6.349770
3707  6.739146
3708  5.420002
3709  7.366485
3710  5.297738
3711  5.300445
3712  6.870116
3713  5.235320
3714  7.479814
3715  5.331609
3716  6.249668
3717  6.342226
3718  6.918831
3719  6.759287
3720  6.020287
3721  5.576856
3722  6.395404
3723  7.561962
3724  6.814642
3725  5.206879
3726  7.563316
3727  6.820897
3728  6.713278
3729  6.348249
3730  5.190649
3731  7.091652
3732  7.087195
3733  5.766580
3734  7.041808
3735  6.845358
3736  6.399620
3737  6.197882
3738  5.261732
3739  6.825212
3740  6.647029
3741  5.739455
3742  7.405420
3743  5.612657
3744  6.582733
3745  6.272153
3746  5.440614
3747  7.186240
3748  5.190649
3749  7.096258
3750  7.654969
3751  5.264715
3752  5.314174
3753  8.130836
3754  6.514564
3755  5.926926
3756  7.667288
3757  7.327627
3758  5.982113
3759  7.003302
3760  5.586204
3761  6.577555
3762  5.250188
3763  5.477327
3764  5.290195
3765  6.712498
3766  5.190649
3767  5.386148
3768  5.469833
3769  6.818162
3770  6.987185
3771  5.603124
3772  5.952215
3773  6.420185
3774  7.778668
3775  6.490533
3776  6.504890
3777  6.803508
3778  6.784993
3779  5.875211
3780  7.024758
3781  5.249183
3782  6.160793
3783  5.691472
3784  6.720380
3785  6.275705
3786  5.855606
3787  5.594441
3788  5.590986
3789  6.503698
3790  6.501708
3791  5.675517
3792  6.539850
3793  5.943352
3794  6.471212
3795  6.441406
3796  5.588984
3797  7.217275
3798  6.290304
3799  6.281430
3800  6.456999
3801  6.540258
3802  5.366709
3803  6.294961
3804  5.618209
3805  7.848680
3806  6.732002
3807  6.026124
3808  7.977142
3809  7.351591
3810  5.479962
3811  6.285037
3812  5.190649
3813  6.576104
3814  8.078653
3815  5.258123
3816  6.531159
3817  6.512391
3818  8.021050
3819  6.081864
3820  5.382229
3821  5.237051
3822  5.274468
3823  6.433821
3824  7.375242
3825  5.243553
3826  5.651924
3827  5.548891
3828  5.625274
3829  6.345358
3830  5.230460
3831  5.939505
3832  6.002233
3833  6.351257
3834  5.190649
3835  6.774356
3836  7.140059
3837  6.302163
3838  8.043607
3839  6.848552
3840  7.140910
3841  6.075873
3842  7.051746
3843  7.588060
3844  7.365433
3845  6.111459
3846  7.167741
3847  5.407659
3848  7.043077
3849  6.759227
3850  6.421609
3851  8.399799
3852  5.644092
3853  6.259371
3854  7.527649
3855  7.822650
3856  5.481251
3857  5.546847
3858  6.575325
3859  5.209950
3860  6.414299
3861  5.581142
3862  5.585036
3863  6.958944
3864  6.710822
3865  5.190649
3866  5.207945
3867  6.128564
3868  5.190649
3869  5.795661
3870  7.361970
3871  6.036132
3872  7.496638
3873  6.616822
3874  5.797488
3875  5.529369
3876  5.606023
3877  6.471961
3878  7.047172
3879  6.547978
3880  7.220592
3881  6.720155
3882  5.687874
3883  7.629305
3884  5.972588
3885  5.219388
3886  6.279801
3887  5.755612
3888  5.207944
3889  5.782506
3890  6.302654
3891  5.357050
3892  6.218516
3893  7.510811
3894  5.251172
3895  5.438213
3896  5.830689
3897  6.555348
3898  5.364416
3899  6.967747
3900  5.923855
3901  5.444219
3902  5.690470
3903  6.006971
3904  6.496081
3905  5.453743
3906  6.361728
3907  5.765981
3908  7.349532
3909  5.736123
3910  7.761957
3911  6.366750
3912  5.683563
3913  5.591805
3914  7.757596
3915  7.019658
3916  5.624332
3917  6.785824
3918  5.460950
3919  5.542937
3920  6.050014
3921  6.361288
3922  5.507193
3923  6.980486
3924  5.834966
3925  5.959658
3926  7.309317
3927  5.946274
3928  6.411262
3929  7.254540
3930  5.247729
3931  5.440944
3932  7.623254
3933  5.344587
3934  7.770996
3935  6.678943
3936  5.273311
3937  6.200346
3938  7.954604
3939  6.477321
3940  6.204435
3941  6.695791
3942  6.452539
3943  5.190658
3944  5.758404
3945  6.511729
3946  9.037163
3947  5.321639
3948  5.910946
3949  5.739425
3950  5.230762
3951  6.477707
3952  7.445143
3953  5.277854
3954  7.132637
3955  6.319804
3956  6.266578
3957  7.361675
3958  5.370559
3959  5.351315
3960  5.357386
3961  5.253859
3962  7.098632
3963  6.452304
3964  5.639170
3965  5.219055
3966  6.470860
3967  5.425970
3968  6.370084
3969  5.371170
3970  7.954417
3971  6.456735
3972  8.027095
3973  6.810403
3974  5.423756
3975  8.114287
3976  6.746943
3977  5.515870
3978  5.190649
3979  6.247827
3980  6.043867
3981  5.746718
3982  5.399567
3983  6.116412
3984  4.406678
3985  5.399466
3986  2.565300
3987  2.338195
3988  3.638849
3989  4.609125
3990  2.466429
3991  4.242022
3992  2.914714
3993  3.612267
3994  3.280412
3995  3.871931
3996  4.717966
3997  4.822265
3998  3.432713
3999  4.879649
4000  5.468830
4001  3.151843
4002  4.514469
4003  2.516950
4004  4.458764
4005  3.236039
4006  4.934130
4007  3.166284
4008  2.853027
4009  2.851364
4010  2.338195
4011  4.600342
4012  2.338195
4013  2.466429
4014  4.184478
4015  5.165137
4016  2.338195
4017  2.946944
4018  4.687416
4019  3.989715
4020  4.270377
4021  4.657779
4022  4.989012
4023  2.338195
4024  5.911629
4025  2.338195
4026  2.946944
4027  4.651080
4028  4.556721
4029  2.901748
4030  2.577572
4031  6.042708
4032  2.853027
4033  3.277546
4034  2.466429
4035  2.338195
4036  2.950857
4037  3.343504
4038  4.820973
