0  11.714923
1  6.684182
2  6.092559
3  6.920886
4  5.994602
5  6.420293
6  5.901528
7  6.884645
8  5.929064
9  8.500282
10  6.559168
11  5.838708
12  5.838708
13  7.681673
14  6.283186
15  5.838708
16  6.271813
17  6.212175
18  5.838708
19  6.249432
20  6.261767
21  8.724281
22  6.288313
23  6.206685
24  6.428411
25  8.768029
26  8.812005
27  6.052732
28  6.198341
29  6.485547
30  6.903124
31  7.158031
32  5.923852
33  5.847426
34  6.708958
35  5.853551
36  6.111348
37  5.838708
38  6.250011
39  6.721109
40  8.095475
41  6.624006
42  5.847426
43  5.838708
44  5.977664
45  6.599483
46  5.910427
47  5.848195
48  6.947201
49  5.867320
50  6.452976
51  6.082473
52  5.848616
53  7.208897
54  6.187151
55  7.089488
56  9.032673
57  6.476571
58  7.979080
59  7.025383
60  6.425615
61  5.869110
62  7.377686
63  6.280916
64  6.047423
65  6.541233
66  6.955233
67  8.997613
68  5.998568
69  6.517154
70  5.851165
71  5.862051
72  7.336089
73  6.218032
74  5.838708
75  6.814351
76  5.976011
77  6.052489
78  5.975424
79  6.816407
80  6.796947
81  5.859941
82  7.612390
83  6.082473
84  6.473200
85  6.646359
86  5.932996
87  6.650285
88  6.862224
89  5.942296
90  5.847565
91  5.929064
92  6.645147
93  5.987552
94  6.804523
95  5.900479
96  6.170871
97  5.860892
98  8.328053
99  6.104415
100  6.124166
101  6.551595
102  5.929712
103  7.019927
104  7.731617
105  6.751085
106  6.163779
107  13.950639
108  6.332615
109  7.910887
110  5.887769
111  6.207321
112  5.868611
113  8.032353
114  5.838708
115  6.498451
116  6.355494
117  6.065550
118  7.801018
119  8.576317
120  6.247684
121  6.468578
122  8.690032
123  7.041454
124  5.950670
125  6.281496
126  6.105365
127  6.435678
128  7.573895
129  6.050598
130  6.657040
131  5.949981
132  6.731865
133  6.917341
134  7.122695
135  6.080578
136  10.250888
137  6.266360
138  5.858010
139  6.060511
140  6.143553
141  7.509669
142  8.115086
143  6.058889
144  6.278633
145  5.847565
146  6.499144
147  5.901528
148  6.972874
149  6.221107
150  6.223596
151  5.998713
152  5.925783
153  5.911488
154  5.848991
155  5.868023
156  6.661889
157  5.858897
158  7.254744
159  6.485007
160  5.852852
161  7.437338
162  6.023569
163  6.043031
164  5.950608
165  6.463600
166  5.886830
167  5.941778
168  6.336702
169  7.941400
170  8.201709
171  7.752803
172  7.936962
173  6.693917
174  5.879091
175  6.325056
176  6.820458
177  6.042144
178  6.455518
179  5.856341
180  6.606277
181  5.994602
182  5.857258
183  5.867330
184  6.533164
185  7.423466
186  8.145159
187  6.407963
188  8.250704
189  6.047423
190  5.889255
191  5.907421
192  5.896745
193  5.887326
194  6.560429
195  5.975424
196  6.428470
197  6.440982
198  6.471659
199  8.219920
200  8.524822
201  5.875385
202  5.914303
203  8.527517
204  6.790344
205  5.848616
206  5.895831
207  6.109236
208  6.336628
209  5.838708
210  5.838708
211  7.520774
212  7.046003
213  7.849922
214  6.345577
215  5.838708
216  5.851317
217  6.094994
218  5.975424
219  5.899571
220  5.911252
221  6.417838
222  6.476132
223  7.539036
224  7.496880
225  6.021484
226  6.240450
227  6.169499
228  5.879451
229  6.104756
230  5.988869
231  7.060716
232  7.404838
233  5.847426
234  5.944177
235  6.112423
236  7.809072
237  6.082473
238  7.197980
239  8.580040
240  5.878523
241  5.847876
242  6.889763
243  6.001002
244  5.847426
245  5.899433
246  6.797469
247  5.871996
248  7.160588
249  6.888547
250  6.189125
251  6.379340
252  8.736863
253  5.860892
254  6.466631
255  5.847876
256  5.847426
257  6.898229
258  6.622186
259  5.929064
260  6.183822
261  7.821025
262  5.911252
263  5.948404
264  5.887769
265  7.427412
266  6.511802
267  5.857783
268  6.524535
269  6.041235
270  6.073298
271  8.925822
272  8.101218
273  5.975424
274  6.630793
275  5.994602
276  7.074163
277  8.718260
278  6.017829
279  5.856648
280  8.092672
281  6.494341
282  5.847426
283  6.064169
284  6.470965
285  8.258191
286  5.847701
287  5.838708
288  6.133093
289  5.904331
290  6.884852
291  7.752495
292  5.838708
293  5.868611
294  5.970358
295  6.395522
296  5.948404
297  7.512429
298  6.578186
299  6.589486
300  6.039772
301  5.889875
302  6.658168
303  7.100446
304  8.476199
305  5.870388
306  5.975424
307  5.938493
308  7.331036
309  6.080578
310  6.128192
311  6.155933
312  6.691133
313  7.835112
314  6.532738
315  8.479070
316  5.858036
317  6.084508
318  6.491010
319  5.942296
320  6.603030
321  5.875636
322  8.863850
323  7.946834
324  7.368241
325  7.995309
326  6.436282
327  5.874713
328  5.975424
329  7.298550
330  6.436333
331  7.048750
332  8.090914
333  5.998262
334  7.474633
335  5.838708
336  5.992474
337  6.008551
338  6.256245
339  7.186653
340  6.047800
341  6.696103
342  7.785586
343  6.385316
344  6.367548
345  6.897773
346  6.944054
347  6.070622
348  10.933533
349  5.616623
350  7.106059
351  5.498483
352  7.460049
353  9.521091
354  7.364262
355  8.006686
356  5.440013
357  6.633246
358  5.405826
359  7.313287
360  8.313081
361  7.154600
362  7.025492
363  9.419994
364  5.615403
365  6.185476
366  9.429787
367  7.855964
368  8.002306
369  7.137058
370  9.095329
371  5.930974
372  6.689755
373  9.525512
374  9.054650
375  7.125093
376  9.960638
377  5.420976
378  8.951354
379  5.426600
380  6.004544
381  6.172281
382  6.390501
383  5.540209
384  5.499732
385  6.718565
386  5.441466
387  8.170057
388  8.251618
389  7.971313
390  6.387226
391  8.927111
392  8.313685
393  5.560541
394  8.131869
395  9.206646
396  7.391266
397  8.273968
398  7.921356
399  5.587548
400  9.172094
401  5.419924
402  8.781006
403  7.063658
404  8.553157
405  6.656737
406  5.574260
407  6.556402
408  8.701106
409  8.011501
410  6.827590
411  5.439814
412  9.585069
413  7.091920
414  10.183828
415  7.513934
416  7.464409
417  8.951580
418  7.456235
419  8.711111
420  8.001081
421  7.490900
422  8.628338
423  8.785513
424  6.415699
425  7.225736
426  7.167226
427  6.490597
428  9.701065
429  6.028852
430  8.241917
431  9.125200
432  8.710380
433  6.166898
434  8.058104
435  6.298796
436  8.892642
437  5.770363
438  9.122338
439  8.351278
440  6.908347
441  5.587548
442  6.919261
443  5.421097
444  8.476570
445  7.540011
446  7.403525
447  5.405826
448  5.673104
449  6.401376
450  7.274494
451  7.678652
452  8.277467
453  5.481628
454  5.443281
455  7.842831
456  8.860776
457  6.670067
458  7.544752
459  6.105622
460  8.934025
461  8.724956
462  7.123165
463  8.247126
464  5.505362
465  9.229951
466  5.976936
467  5.468951
468  5.421097
469  7.075333
470  6.592156
471  7.990320
472  5.865777
473  7.931344
474  6.995777
475  9.820474
476  5.530151
477  6.291110
478  5.957327
479  8.132002
480  6.215670
481  7.451228
482  8.161624
483  11.046354
484  9.635078
485  5.882723
486  6.357618
487  8.076529
488  7.855304
489  7.251789
490  6.676772
491  6.655593
492  9.024884
493  8.703064
494  7.574030
495  7.448204
496  8.335870
497  9.329517
498  5.810384
499  5.451043
500  9.326534
501  5.587548
502  6.707125
503  8.787131
504  8.059119
505  6.200369
506  9.150370
507  8.972149
508  6.948786
509  6.283695
510  7.408511
511  7.933922
512  7.819518
513  9.457813
514  8.976769
515  8.912617
516  6.715236
517  9.559596
518  6.659792
519  7.382303
520  8.624877
521  7.078592
522  6.101736
523  8.366399
524  9.016174
525  9.073405
526  9.660928
527  8.553685
528  6.718216
529  6.158334
530  5.587483
531  7.886189
532  5.648711
533  5.893320
534  6.038879
535  6.753962
536  7.392613
537  8.321260
538  9.206589
539  7.030440
540  6.367430
541  6.412584
542  8.830948
543  7.022287
544  9.041576
545  8.457707
546  7.692434
547  7.672228
548  7.836156
549  6.284214
550  5.405826
551  6.414993
552  5.499732
553  9.342647
554  6.563793
555  7.995108
556  8.467148
557  8.040212
558  7.332214
559  9.384306
560  7.888265
561  9.328145
562  5.708073
563  9.181055
564  5.611433
565  7.467001
566  9.280579
567  8.898419
568  6.120482
569  6.972598
570  7.967898
571  5.701440
572  5.468951
573  7.362306
574  6.103292
575  6.163642
576  6.215676
577  6.792529
578  6.904878
579  7.676393
580  9.152932
581  5.028721
582  6.731266
583  6.955397
584  6.456620
585  5.009148
586  6.007957
587  6.464354
588  6.301980
589  6.757951
590  6.605815
591  8.536314
592  7.764751
593  5.969907
594  6.043397
595  6.594917
596  8.165607
597  6.916444
598  6.510101
599  6.842950
600  6.896819
601  7.721194
602  5.009148
603  6.577149
604  8.190686
605  6.633737
606  9.322059
607  5.009148
608  5.009148
609  7.448411
610  6.209997
611  6.449758
612  6.390482
613  5.009148
614  8.092465
615  6.893284
616  6.492603
617  7.020369
618  6.943365
619  7.117641
620  6.997011
621  5.573139
622  6.098002
623  6.495335
624  5.009148
625  6.771083
626  6.325904
627  6.904878
628  6.019958
629  7.204359
630  7.696488
631  5.956005
632  6.777143
633  6.360212
634  7.053233
635  6.840066
636  7.059485
637  9.739660
638  5.009148
639  6.493884
640  6.846702
641  8.780924
642  5.028721
643  6.896819
644  7.101630
645  7.821944
646  6.774460
647  6.560533
648  5.111408
649  7.044952
650  6.773398
651  8.926839
652  5.935493
653  7.245520
654  7.458159
655  5.759989
656  5.749331
657  5.662027
658  6.904878
659  6.904878
660  5.147700
661  6.896819
662  6.902502
663  5.919238
664  6.514017
665  6.502008
666  6.782310
667  5.569461
668  5.009148
669  8.171748
670  6.851470
671  6.133149
672  5.855263
673  5.935493
674  5.009148
675  6.841891
676  7.367899
677  6.832243
678  7.130660
679  5.822343
680  7.183379
681  6.834546
682  6.142564
683  8.075774
684  6.712943
685  6.609517
686  10.371205
687  7.443537
688  8.160354
689  5.498963
690  6.226132
691  5.387546
692  5.126171
693  6.733905
694  8.446758
695  8.013253
696  7.715883
697  8.395950
698  8.448092
699  5.174873
700  5.914483
701  7.102403
702  5.485257
703  8.050102
704  5.450858
705  8.810462
706  7.097065
707  5.610802
708  7.546166
709  6.870077
710  6.072338
711  7.015728
712  5.816253
713  8.857124
714  5.883250
715  6.423917
716  6.241138
717  5.199924
718  7.560018
719  8.727588
720  6.743039
721  5.747386
722  6.696529
723  6.505134
724  8.241813
725  5.516621
726  7.892111
727  7.368253
728  7.853651
729  6.024993
730  6.509614
731  7.518819
732  5.848095
733  5.795056
734  7.129173
735  5.635470
736  6.127055
737  6.921508
738  7.299722
739  7.481370
740  5.791951
741  6.858958
742  6.095366
743  5.223093
744  5.213603
745  8.523514
746  5.759969
747  8.498467
748  6.912480
749  5.147039
750  5.232349
751  6.593633
752  8.000230
753  6.430263
754  7.606691
755  6.847517
756  6.319375
757  5.290282
758  6.924204
759  6.399207
760  7.698218
761  6.144644
762  6.697024
763  6.411818
764  7.456733
765  6.541954
766  7.838031
767  5.490471
768  6.042215
769  6.572567
770  7.251620
771  6.090246
772  7.088863
773  7.883038
774  7.909404
775  5.147039
776  5.634895
777  6.879910
778  6.804615
779  6.813204
780  7.788456
781  8.394577
782  6.033211
783  6.753510
784  7.959609
785  5.253177
786  5.767465
787  7.428632
788  5.277884
789  5.850570
790  5.472076
791  5.451719
792  7.199068
793  6.784797
794  6.649703
795  6.730978
796  5.520758
797  7.207542
798  5.742251
799  6.296662
800  7.924263
801  5.126171
802  5.346004
803  6.847748
804  6.345907
805  8.762540
806  5.930973
807  7.035951
808  5.961725
809  6.792651
810  7.762154
811  6.013463
812  6.152363
813  6.091781
814  7.417172
815  7.991871
816  5.772532
817  7.269187
818  6.384899
819  7.908241
820  7.906857
821  6.130614
822  6.000932
823  8.531204
824  8.565558
825  5.641733
826  6.409291
827  8.180359
828  9.051575
829  7.737497
830  8.492244
831  6.764028
832  5.305432
833  6.065053
834  8.155637
835  6.996522
836  6.295387
837  6.503851
838  7.180438
839  5.953953
840  7.503185
841  5.160060
842  7.886515
843  6.556395
844  6.795577
845  7.281434
846  5.854423
847  7.509505
848  7.100665
849  7.525535
850  5.940628
851  5.840517
852  5.199924
853  8.160495
854  5.401401
855  5.199924
856  7.773174
857  6.629074
858  4.408383
859  4.157837
860  6.703656
861  5.441614
862  7.190420
863  5.502901
864  4.736073
865  4.486042
866  4.382565
867  4.749363
868  4.486042
869  5.352121
870  4.584694
871  4.612434
872  4.660894
873  4.566219
874  4.660894
875  4.064376
876  5.502901
877  4.364715
878  5.414683
879  4.487945
880  6.110205
881  4.589784
882  5.216592
883  4.064376
884  4.296946
885  4.831033
886  5.027144
887  4.566219
888  5.328159
889  5.691382
890  5.295946
891  4.064376
892  4.064376
893  4.662379
894  4.295929
895  4.494229
896  9.920305
897  9.135038
898  7.997497
899  6.957239
900  7.139527
901  7.483128
902  8.363270
903  7.527688
904  6.959487
905  7.296873
906  9.586214
907  7.475834
908  7.430522
909  7.014829
910  6.965490
911  6.949661
912  7.038581
913  8.203497
914  7.204533
915  7.754836
916  10.547759
917  9.903134
918  6.949661
919  7.857499
920  7.453017
921  10.063625
922  8.079563
923  7.024341
924  7.934282
925  10.731634
926  7.936653
927  9.526573
928  7.008382
929  6.982443
930  8.253007
931  7.144823
932  9.188346
933  7.666277
934  9.800809
935  7.042798
936  7.986996
937  7.000202
938  7.426266
939  7.114646
940  7.244615
941  8.431278
942  8.721290
943  7.095807
944  7.786703
945  6.989981
946  10.737788
947  10.219596
948  7.841523
949  7.372321
950  7.039528
951  7.303998
952  9.821434
953  10.080022
954  8.564518
955  6.992015
956  7.001724
957  8.817017
958  7.287387
959  8.730676
960  9.989683
961  7.104828
962  7.590514
963  7.491921
964  7.447894
965  7.270183
966  10.202557
967  10.016736
968  8.143511
969  7.841801
970  7.104581
971  7.848040
972  7.911749
973  7.272912
974  7.082169
975  8.562716
976  7.611165
977  7.369345
978  10.063384
979  6.993821
980  10.330277
981  8.361796
982  9.398430
983  9.229999
984  8.267749
985  6.997748
986  7.089330
987  7.000454
988  8.244231
989  8.031129
990  7.760059
991  7.426088
992  7.468469
993  10.635392
994  7.759506
995  9.153479
996  6.978475
997  9.859764
998  7.230586
999  9.657450
1000  7.115119
1001  8.084425
1002  6.958811
1003  9.853703
1004  10.259166
1005  7.175559
1006  10.492903
1007  7.396571
1008  7.027700
1009  8.595391
1010  7.668216
1011  7.601483
1012  7.876635
1013  7.199614
1014  9.483514
1015  8.059673
1016  6.987490
1017  10.574805
1018  8.465767
1019  8.634625
1020  8.635268
1021  8.724671
1022  7.095025
1023  7.057609
1024  9.717466
1025  7.885654
1026  9.640188
1027  6.955719
1028  9.456146
1029  9.464192
1030  7.017586
1031  6.976118
1032  9.085642
1033  7.117874
1034  6.966555
1035  7.423062
1036  8.655143
1037  7.796694
1038  7.016956
1039  8.209832
1040  9.314161
1041  7.965487
1042  7.252085
1043  7.006576
1044  7.793677
1045  7.028768
1046  6.955559
1047  9.357447
1048  10.018270
1049  9.625470
1050  7.015938
1051  8.101964
1052  8.454917
1053  6.998066
1054  9.008746
1055  7.194290
1056  9.235662
1057  7.020871
1058  7.041891
1059  10.741625
1060  8.540530
1061  7.023086
1062  7.352472
1063  7.984343
1064  7.306709
1065  6.954911
1066  8.828091
1067  9.059258
1068  8.910538
1069  7.910149
1070  8.819659
1071  6.956140
1072  7.384150
1073  7.084416
1074  9.240568
1075  9.558734
1076  10.521804
1077  7.251131
1078  10.909765
1079  10.316249
1080  8.559164
1081  7.858994
1082  8.607649
1083  10.043807
1084  7.521753
1085  8.505619
1086  11.048850
1087  6.999760
1088  7.096187
1089  7.141162
1090  7.097452
1091  8.002633
1092  8.977767
1093  7.102032
1094  7.065146
1095  7.637467
1096  6.949661
1097  7.519053
1098  7.235987
1099  8.532350
1100  8.774535
1101  10.294422
1102  8.432530
1103  7.060775
1104  9.657750
1105  6.958811
1106  7.425981
1107  10.496362
1108  8.262002
1109  7.762201
1110  9.294209
1111  6.987168
1112  9.059981
1113  8.149241
1114  7.992812
1115  8.039065
1116  8.336064
1117  10.290575
1118  7.502853
1119  6.949661
1120  8.464226
1121  7.435924
1122  8.297385
1123  9.337951
1124  10.306641
1125  10.225291
1126  11.027438
1127  7.258190
1128  9.961254
1129  8.669164
1130  9.369210
1131  7.546595
1132  10.510147
1133  7.138530
1134  7.073162
1135  9.441829
1136  7.435230
1137  7.372631
1138  7.019211
1139  7.402490
1140  7.090989
1141  7.227739
1142  7.776071
1143  7.412668
1144  7.177999
1145  6.949661
1146  10.556111
1147  7.021188
1148  8.827573
1149  10.035966
1150  7.119679
1151  7.085259
1152  7.444760
1153  10.467996
1154  7.019796
1155  8.277746
1156  9.962461
1157  6.983039
1158  8.881482
1159  8.481934
1160  9.723832
1161  7.223798
1162  7.054857
1163  9.995182
1164  8.347935
1165  7.457824
1166  8.573880
1167  7.579398
1168  7.008935
1169  7.246192
1170  7.859463
1171  7.779263
1172  10.192592
1173  10.095898
1174  7.118258
1175  10.357368
1176  6.988870
1177  7.041457
1178  7.081714
1179  8.244004
1180  8.931204
1181  9.852937
1182  9.391609
1183  7.791337
1184  10.672517
1185  10.666893
1186  7.160844
1187  7.264537
1188  7.640985
1189  7.762906
1190  8.180622
1191  10.122100
1192  9.483385
1193  7.028842
1194  6.961353
1195  8.962533
1196  8.085901
1197  7.137854
1198  9.780484
1199  11.169894
1200  6.983112
1201  9.194770
1202  6.994449
1203  7.013352
1204  9.661916
1205  9.959838
1206  6.949661
1207  9.485263
1208  6.955597
1209  9.541328
1210  7.938822
1211  10.818222
1212  7.294940
1213  7.279759
1214  10.120722
1215  8.170131
1216  7.569262
1217  8.248521
1218  7.006348
1219  9.147955
1220  7.348786
1221  8.870406
1222  10.479584
1223  7.470549
1224  6.952629
1225  7.604644
1226  7.727460
1227  9.209884
1228  7.321474
1229  8.310812
1230  10.325501
1231  8.995900
1232  7.388502
1233  6.965021
1234  7.100993
1235  9.637646
1236  7.829719
1237  8.731282
1238  10.568077
1239  7.426225
1240  6.976388
1241  7.441345
1242  9.868483
1243  10.147353
1244  7.156403
1245  8.156168
1246  7.739993
1247  7.472445
1248  7.019474
1249  7.153901
1250  10.442676
1251  7.059787
1252  6.956779
1253  6.956140
1254  6.973614
1255  10.310378
1256  10.399904
1257  8.546944
1258  7.963806
1259  7.973648
1260  7.825271
1261  8.825560
1262  7.056299
1263  7.128814
1264  6.979089
1265  8.231934
1266  7.167738
1267  10.291717
1268  7.096908
1269  10.332764
1270  6.953160
1271  9.914340
1272  9.708452
1273  8.704927
1274  7.333335
1275  8.316690
1276  7.021458
1277  9.898362
1278  8.488872
1279  8.254676
1280  9.503682
1281  8.170989
1282  8.850592
1283  7.703825
1284  8.701728
1285  9.075039
1286  7.686332
1287  9.504323
1288  9.843250
1289  9.817157
1290  9.730396
1291  10.205403
1292  8.588750
1293  9.070580
1294  7.496807
1295  6.972646
1296  7.488987
1297  6.990000
1298  8.947811
1299  7.620427
1300  7.867385
1301  6.998460
1302  10.146708
1303  8.399013
1304  7.641933
1305  9.996082
1306  7.471223
1307  7.372672
1308  7.255832
1309  8.261194
1310  7.529638
1311  7.420665
1312  9.635759
1313  8.002971
1314  7.393544
1315  8.247630
1316  7.894788
1317  7.224125
1318  8.062054
1319  7.346469
1320  8.657887
1321  7.636625
1322  9.296850
1323  9.578184
1324  8.177515
1325  7.137453
1326  6.953130
1327  8.576490
1328  7.166667
1329  10.409788
1330  10.280239
1331  10.543926
1332  8.026054
1333  7.465437
1334  9.905003
1335  10.388761
1336  9.153908
1337  7.706853
1338  8.610591
1339  9.992403
1340  9.277587
1341  10.310443
1342  7.079349
1343  7.801275
1344  9.813202
1345  9.442236
1346  7.031408
1347  9.034661
1348  7.688183
1349  8.052437
1350  7.912748
1351  9.503655
1352  11.287160
1353  6.963677
1354  6.991586
1355  7.761082
1356  7.163452
1357  7.780532
1358  8.966030
1359  9.622936
1360  7.494732
1361  10.430154
1362  6.983548
1363  7.228305
1364  7.152118
1365  8.823572
1366  8.590388
1367  10.739820
1368  6.992015
1369  8.721682
1370  10.141248
1371  7.692577
1372  7.001764
1373  8.948791
1374  8.193360
1375  9.512795
1376  10.890377
1377  10.951434
1378  7.445445
1379  8.494045
1380  9.769401
1381  7.853579
1382  8.187753
1383  6.974835
1384  7.078577
1385  7.196282
1386  6.949661
1387  7.013114
1388  9.683213
1389  8.934303
1390  10.983545
1391  10.826202
1392  8.167672
1393  8.968994
1394  6.952860
1395  6.964415
1396  8.476637
1397  7.473269
1398  8.778419
1399  10.864518
1400  7.549104
1401  7.691946
1402  9.568011
1403  6.987490
1404  8.457541
1405  8.644521
1406  7.859214
1407  8.485192
1408  7.807040
1409  9.998752
1410  7.194492
1411  7.339776
1412  7.378513
1413  8.672384
1414  7.192482
1415  7.522931
1416  10.144139
1417  7.200394
1418  7.488308
1419  7.736693
1420  10.560484
1421  7.250373
1422  7.392597
1423  8.746737
1424  7.218808
1425  7.778533
1426  8.780927
1427  8.732740
1428  7.481413
1429  8.059939
1430  6.957747
1431  11.188340
1432  8.540983
1433  7.215863
1434  7.249988
1435  8.824479
1436  7.822563
1437  9.041677
1438  7.991935
1439  8.305598
1440  7.707813
1441  7.249243
1442  7.096920
1443  7.022019
1444  7.822713
1445  7.038544
1446  7.898082
1447  10.474234
1448  8.520306
1449  9.793621
1450  7.737650
1451  7.907572
1452  7.485288
1453  7.491427
1454  8.486852
1455  7.119077
1456  10.379071
1457  9.347951
1458  8.189623
1459  9.533068
1460  8.698825
1461  7.053263
1462  9.188869
1463  7.625632
1464  7.560956
1465  10.033290
1466  6.949661
1467  10.287550
1468  7.423154
1469  8.246237
1470  9.376938
1471  10.768670
1472  9.040022
1473  8.484286
1474  6.963371
1475  9.004073
1476  6.973880
1477  7.034789
1478  7.127112
1479  9.211917
1480  9.761650
1481  7.341547
1482  8.052171
1483  9.861533
1484  8.063290
1485  8.846572
1486  6.972650
1487  8.772492
1488  10.410028
1489  7.545712
1490  7.242839
1491  10.338909
1492  7.311503
1493  7.324950
1494  7.272720
1495  8.818159
1496  8.052890
1497  7.882038
1498  7.156055
1499  7.004365
1500  7.538628
1501  7.595275
1502  8.863249
1503  7.658838
1504  8.345743
1505  8.259164
1506  7.117284
1507  7.750746
1508  7.966196
1509  10.389231
1510  6.985770
1511  7.367019
1512  7.906488
1513  8.836616
1514  7.946980
1515  8.905517
1516  10.713995
1517  8.593460
1518  7.226040
1519  8.109295
1520  10.212724
1521  7.019257
1522  10.657968
1523  9.284741
1524  8.808196
1525  8.373272
1526  7.424397
1527  7.218766
1528  9.360141
1529  7.943298
1530  10.115095
1531  7.340555
1532  8.688475
1533  7.549823
1534  7.953810
1535  9.274981
1536  9.009578
1537  7.355251
1538  9.479389
1539  9.686250
1540  9.197308
1541  7.612298
1542  9.140536
1543  7.833391
1544  7.308840
1545  8.032081
1546  6.958028
1547  10.301758
1548  7.585210
1549  8.064568
1550  8.116433
1551  10.789874
1552  7.006991
1553  8.084168
1554  10.692123
1555  7.457281
1556  8.235242
1557  10.583142
1558  6.955832
1559  10.931107
1560  6.949661
1561  7.576994
1562  7.214786
1563  10.155333
1564  7.252163
1565  8.084408
1566  7.235399
1567  7.424530
1568  7.391676
1569  8.126846
1570  10.260275
1571  9.154218
1572  8.712197
1573  9.307962
1574  8.705213
1575  7.394557
1576  8.801550
1577  10.709675
1578  8.043289
1579  6.991812
1580  9.705175
1581  6.949661
1582  8.145209
1583  9.433189
1584  11.119398
1585  7.338447
1586  6.955559
1587  8.557687
1588  7.240949
1589  11.086571
1590  9.711798
1591  9.385881
1592  7.676787
1593  7.425368
1594  7.444729
1595  8.284414
1596  9.074197
1597  10.163453
1598  10.421467
1599  7.095761
1600  10.194734
1601  7.446042
1602  7.115027
1603  10.569381
1604  10.531818
1605  9.817652
1606  7.800145
1607  6.964347
1608  10.231519
1609  9.809655
1610  10.857286
1611  8.977008
1612  10.952466
1613  10.893258
1614  9.480887
1615  7.234440
1616  8.308701
1617  10.221897
1618  7.971835
1619  10.150143
1620  10.266126
1621  10.958071
1622  10.840612
1623  10.001674
1624  7.660233
1625  7.518714
1626  8.038655
1627  6.955719
1628  9.144950
1629  7.263291
1630  8.596778
1631  7.223820
1632  9.667712
1633  7.395738
1634  7.738914
1635  7.969106
1636  9.074951
1637  9.901480
1638  8.050333
1639  9.564515
1640  7.016581
1641  7.102672
1642  7.742306
1643  10.022725
1644  9.332886
1645  8.429360
1646  7.517412
1647  8.419103
1648  7.302547
1649  7.923840
1650  7.327263
1651  7.230384
1652  9.648940
1653  9.552902
1654  7.137925
1655  8.539799
1656  7.877547
1657  6.965490
1658  7.569689
1659  9.686605
1660  7.560951
1661  9.123133
1662  10.567688
1663  11.297014
1664  7.005409
1665  10.330977
1666  7.935124
1667  7.414647
1668  10.292615
1669  10.462863
1670  7.180409
1671  7.606673
1672  7.413782
1673  8.059841
1674  7.663082
1675  10.186110
1676  7.094683
1677  7.948375
1678  7.464680
1679  7.740295
1680  8.750880
1681  7.430027
1682  8.140593
1683  10.280106
1684  13.390321
1685  9.879161
1686  7.735675
1687  7.661691
1688  9.754559
1689  10.303133
1690  6.980679
1691  8.683643
1692  8.331112
1693  6.956078
1694  7.799196
1695  7.656619
1696  7.129872
1697  7.235401
1698  7.217683
1699  7.972581
1700  7.800017
1701  7.002804
1702  8.325669
1703  8.619615
1704  7.523785
1705  7.297398
1706  8.238776
1707  10.919555
1708  7.034537
1709  8.413628
1710  7.642055
1711  7.030231
1712  10.051938
1713  6.971722
1714  10.943737
1715  8.823898
1716  8.694471
1717  10.480071
1718  10.548433
1719  7.175729
1720  8.424353
1721  10.219193
1722  8.988471
1723  9.075833
1724  9.093642
1725  8.118212
1726  7.732454
1727  7.820294
1728  7.872186
1729  9.054023
1730  11.219455
1731  7.054088
1732  8.330667
1733  7.607549
1734  9.046421
1735  10.130303
1736  10.660865
1737  9.668540
1738  7.567237
1739  7.205288
1740  7.973085
1741  10.041530
1742  9.093346
1743  7.362709
1744  7.939454
1745  7.344319
1746  11.059657
1747  7.239667
1748  7.114573
1749  7.106611
1750  10.338015
1751  8.381745
1752  10.192773
1753  9.723850
1754  9.100897
1755  6.979275
1756  7.167315
1757  10.397778
1758  7.809653
1759  6.985663
1760  6.981271
1761  10.244241
1762  6.988634
1763  7.746928
1764  7.730273
1765  9.269255
1766  7.932351
1767  7.962982
1768  11.089688
1769  8.008652
1770  7.996817
1771  7.950808
1772  9.282732
1773  7.466374
1774  8.527966
1775  7.327397
1776  6.965490
1777  7.100899
1778  7.984870
1779  7.446464
1780  7.646489
1781  7.502510
1782  9.378853
1783  9.776853
1784  7.158164
1785  7.567247
1786  9.447601
1787  7.645802
1788  6.993546
1789  10.026492
1790  8.079752
1791  10.385234
1792  6.987237
1793  10.553495
1794  8.376130
1795  9.801021
1796  9.523630
1797  7.110098
1798  7.481056
1799  10.617362
1800  11.361116
1801  7.484582
1802  7.081413
1803  7.263696
1804  11.003319
1805  7.644292
1806  7.402020
1807  8.290040
1808  7.208076
1809  10.133680
1810  10.014901
1811  9.323560
1812  8.343573
1813  10.617021
1814  7.077630
1815  7.401033
1816  10.402137
1817  7.226584
1818  7.785506
1819  9.768144
1820  8.768924
1821  8.385979
1822  7.029848
1823  10.373007
1824  8.626628
1825  7.337473
1826  10.025979
1827  11.032139
1828  8.528769
1829  7.164622
1830  7.396219
1831  7.631022
1832  8.807444
1833  10.978250
1834  6.949661
1835  10.879113
1836  8.053889
1837  7.563553
1838  6.971670
1839  10.736071
1840  7.030549
1841  8.397273
1842  10.240146
1843  8.714565
1844  8.753418
1845  9.897442
1846  8.326893
1847  7.356937
1848  8.067803
1849  10.285041
1850  7.704135
1851  8.555544
1852  7.467327
1853  7.216144
1854  6.953434
1855  7.037407
1856  7.025576
1857  8.972563
1858  7.625076
1859  8.355510
1860  7.435822
1861  9.880692
1862  8.505764
1863  8.655267
1864  10.038983
1865  7.033974
1866  7.388008
1867  10.271305
1868  10.240641
1869  7.209306
1870  7.557082
1871  9.155491
1872  8.419662
1873  8.259723
1874  7.661223
1875  7.817455
1876  8.270839
1877  9.334618
1878  7.828328
1879  10.617262
1880  7.442085
1881  8.514588
1882  8.314310
1883  7.428030
1884  7.940940
1885  7.905923
1886  10.061481
1887  7.293808
1888  11.420209
1889  7.047119
1890  6.972475
1891  9.510414
1892  7.085153
1893  9.206164
1894  8.719333
1895  7.556883
1896  6.993410
1897  7.917886
1898  9.958595
1899  9.115565
1900  8.088727
1901  7.213850
1902  10.383634
1903  8.150867
1904  7.515981
1905  7.145855
1906  7.445472
1907  7.968363
1908  7.031858
1909  8.291615
1910  7.405620
1911  8.055638
1912  13.347444
1913  7.528032
1914  8.151136
1915  6.750623
1916  9.565389
1917  11.099515
1918  10.863187
1919  8.394266
1920  10.253015
1921  7.982866
1922  6.855554
1923  8.734236
1924  6.709046
1925  10.509663
1926  10.333852
1927  8.390569
1928  7.429398
1929  10.778479
1930  7.111861
1931  7.927170
1932  9.903815
1933  6.788724
1934  6.842251
1935  8.238296
1936  7.121773
1937  6.647956
1938  11.097488
1939  9.519113
1940  9.844553
1941  11.282008
1942  8.691157
1943  11.113649
1944  7.819780
1945  10.511364
1946  11.109879
1947  10.170052
1948  10.079674
1949  6.729120
1950  6.932588
1951  8.650772
1952  7.494071
1953  10.491591
1954  9.764503
1955  9.835644
1956  6.666905
1957  7.895641
1958  7.720004
1959  10.187509
1960  7.733848
1961  6.739340
1962  11.081504
1963  9.996548
1964  9.498487
1965  7.371316
1966  10.940464
1967  6.679120
1968  7.822710
1969  6.890224
1970  9.297713
1971  10.989557
1972  8.860738
1973  8.772136
1974  6.786448
1975  7.583105
1976  7.997991
1977  6.796543
1978  6.993807
1979  10.982686
1980  8.424418
1981  8.967113
1982  7.503864
1983  11.156221
1984  11.004655
1985  11.334093
1986  10.770785
1987  8.512225
1988  7.158278
1989  10.021759
1990  7.105758
1991  8.232102
1992  6.786181
1993  11.193746
1994  9.379196
1995  8.621709
1996  6.646391
1997  10.622686
1998  8.353468
1999  7.781246
2000  7.691352
2001  8.558552
2002  9.690991
2003  8.754761
2004  8.294543
2005  10.812347
2006  8.289190
2007  10.764725
2008  6.745762
2009  8.175189
2010  9.735647
2011  7.940610
2012  7.095312
2013  6.838233
2014  6.872996
2015  6.655343
2016  7.195430
2017  6.669631
2018  8.416961
2019  7.560671
2020  10.846487
2021  8.793108
2022  8.267157
2023  7.316712
2024  8.389106
2025  7.574277
2026  9.934700
2027  8.114273
2028  10.037445
2029  8.130211
2030  11.083689
2031  8.658373
2032  10.516792
2033  10.964644
2034  6.674917
2035  7.378798
2036  7.479104
2037  10.934614
2038  10.166941
2039  10.123545
2040  10.765100
2041  6.719043
2042  9.896064
2043  10.975274
2044  8.226871
2045  10.991447
2046  10.507442
2047  10.955938
2048  7.553824
2049  7.564296
2050  7.335801
2051  6.762348
2052  10.066541
2053  10.138728
2054  10.660221
2055  9.783801
2056  10.302047
2057  8.730900
2058  9.790186
2059  11.131040
2060  10.246092
2061  8.177384
2062  9.486110
2063  10.673329
2064  11.072028
2065  8.304847
2066  7.139860
2067  8.350577
2068  10.445096
2069  10.914219
2070  6.866132
2071  10.263229
2072  10.299516
2073  11.142154
2074  10.878703
2075  8.756221
2076  6.830131
2077  10.526929
2078  11.203426
2079  6.622440
2080  6.934552
2081  10.746748
2082  7.032411
2083  10.733931
2084  10.628346
2085  7.607361
2086  10.636706
2087  10.601199
2088  11.160873
2089  7.142790
2090  11.103873
2091  7.474132
2092  8.767148
2093  11.001184
2094  6.656165
2095  10.801895
2096  7.723804
2097  7.862570
2098  10.419652
2099  7.574408
2100  6.703885
2101  9.344728
2102  10.345976
2103  11.051788
2104  11.034939
2105  6.788130
2106  6.635758
2107  7.660688
2108  10.902958
2109  10.618950
2110  8.616307
2111  10.843414
2112  10.851734
2113  6.740007
2114  6.941245
2115  10.628740
2116  8.781771
2117  10.397786
2118  11.090803
2119  6.916868
2120  7.067173
2121  10.845165
2122  10.724882
2123  11.194249
2124  10.936998
2125  10.228503
2126  8.166881
2127  10.107905
2128  9.786520
2129  7.492393
2130  6.836662
2131  11.159532
2132  9.762989
2133  10.573675
2134  9.721892
2135  9.774704
2136  9.793094
2137  9.073826
2138  10.422289
2139  11.013652
2140  10.954189
2141  7.694246
2142  11.304437
2143  9.918714
2144  9.630602
2145  8.241524
2146  7.110257
2147  8.832000
2148  9.807182
2149  10.305179
2150  11.115648
2151  9.757654
2152  6.899392
2153  10.450977
2154  10.853765
2155  8.419940
2156  7.091009
2157  7.956711
2158  6.783545
2159  8.198420
2160  7.089273
2161  9.562646
2162  7.002960
2163  8.381620
2164  10.065880
2165  10.542721
2166  6.886309
2167  6.643835
2168  6.631273
2169  10.074740
2170  6.883785
2171  8.705445
2172  11.116564
2173  7.339060
2174  10.186389
2175  7.218180
2176  10.092160
2177  7.427439
2178  6.633362
2179  10.119900
2180  10.150218
2181  6.886513
2182  6.845013
2183  10.380075
2184  11.069446
2185  7.671512
2186  7.364597
2187  10.531085
2188  11.129954
2189  10.146671
2190  10.926118
2191  9.798818
2192  7.969981
2193  6.976622
2194  10.074940
2195  6.622440
2196  10.109802
2197  7.161515
2198  9.120122
2199  10.766806
2200  10.955187
2201  11.105685
2202  8.211667
2203  9.904849
2204  6.636664
2205  7.295272
2206  11.245160
2207  7.265318
2208  8.216705
2209  8.168954
2210  10.179673
2211  8.604503
2212  10.674658
2213  10.234494
2214  7.732496
2215  9.164993
2216  10.598104
2217  6.793635
2218  11.208993
2219  6.757854
2220  11.140975
2221  8.388043
2222  8.544636
2223  10.157310
2224  10.326261
2225  8.029475
2226  8.651769
2227  6.738782
2228  7.492990
2229  11.215337
2230  6.828103
2231  7.664335
2232  9.300054
2233  11.317704
2234  8.164136
2235  9.261146
2236  7.523770
2237  10.497568
2238  6.787432
2239  8.833769
2240  11.181969
2241  10.211520
2242  8.316928
2243  9.063624
2244  11.176057
2245  6.656819
2246  9.884304
2247  10.217972
2248  7.058711
2249  7.894659
2250  10.047906
2251  6.761456
2252  7.427020
2253  10.827911
2254  9.769209
2255  6.709832
2256  6.862115
2257  10.800964
2258  9.271678
2259  9.058894
2260  7.090156
2261  10.558376
2262  7.334972
2263  6.707132
2264  9.468127
2265  6.856550
2266  11.386987
2267  9.638355
2268  10.257235
2269  6.622440
2270  7.049172
2271  11.028037
2272  7.852522
2273  9.810734
2274  8.375989
2275  11.067187
2276  10.799294
2277  7.096412
2278  10.969003
2279  10.331574
2280  9.110609
2281  6.669810
2282  10.568707
2283  10.639741
2284  8.426681
2285  9.111461
2286  7.212770
2287  9.707083
2288  7.800555
2289  10.593121
2290  11.060097
2291  7.379045
2292  10.468554
2293  9.181763
2294  10.201148
2295  8.056646
2296  7.994302
2297  7.861601
2298  7.519026
2299  10.810747
2300  10.402816
2301  6.709215
2302  10.242665
2303  8.393465
2304  9.236476
2305  7.683134
2306  10.380966
2307  10.678535
2308  10.826242
2309  11.165410
2310  7.807725
2311  9.285021
2312  7.347059
2313  8.986191
2314  7.090252
2315  9.527598
2316  6.807580
2317  7.571434
2318  8.059812
2319  10.243881
2320  6.802210
2321  6.672555
2322  8.287489
2323  11.046338
2324  11.147801
2325  9.346398
2326  11.024751
2327  10.236720
2328  10.683095
2329  10.499827
2330  8.915375
2331  11.098091
2332  9.983487
2333  10.619348
2334  10.632834
2335  7.505258
2336  10.547732
2337  7.789713
2338  10.081564
2339  11.026245
2340  11.163587
2341  7.133610
2342  7.350538
2343  9.636347
2344  10.173460
2345  8.799273
2346  7.791413
2347  11.736966
2348  10.781097
2349  6.837817
2350  8.377553
2351  10.100125
2352  10.923695
2353  9.991732
2354  11.005093
2355  8.176921
2356  10.968982
2357  6.813606
2358  6.844504
2359  10.741264
2360  6.801112
2361  7.911520
2362  7.665875
2363  10.924228
2364  8.676870
2365  8.397867
2366  8.162499
2367  8.802741
2368  9.575207
2369  11.151940
2370  10.847395
2371  7.627474
2372  10.014270
2373  6.791648
2374  10.934083
2375  6.702797
2376  11.004300
2377  9.818560
2378  8.289002
2379  8.337267
2380  6.687688
2381  10.996198
2382  6.627768
2383  8.257719
2384  10.872391
2385  9.119658
2386  10.669058
2387  9.032793
2388  6.714194
2389  7.816385
2390  8.784841
2391  9.635507
2392  10.100831
2393  8.410400
2394  9.814071
2395  11.016603
2396  9.280609
2397  7.482396
2398  10.071094
2399  9.520618
2400  7.594984
2401  7.222915
2402  6.915914
2403  7.048613
2404  10.919622
2405  6.988473
2406  8.006493
2407  10.056152
2408  10.801586
2409  11.007115
2410  11.216676
2411  7.453875
2412  7.213675
2413  7.457996
2414  11.049704
2415  8.512846
2416  8.096933
2417  9.357186
2418  10.418458
2419  10.006376
2420  9.698827
2421  6.657457
2422  6.694583
2423  10.900559
2424  6.800548
2425  8.032459
2426  7.217595
2427  8.334033
2428  11.102383
2429  9.930342
2430  10.725708
2431  6.693389
2432  8.047459
2433  10.743367
2434  9.693915
2435  7.482844
2436  9.875300
2437  6.641269
2438  9.227987
2439  6.735110
2440  7.642453
2441  6.686656
2442  6.859311
2443  7.883492
2444  6.804079
2445  9.452572
2446  10.864191
2447  8.255622
2448  7.514497
2449  8.924883
2450  6.767706
2451  10.069301
2452  6.933265
2453  7.111818
2454  7.800915
2455  6.893854
2456  6.738041
2457  6.622440
2458  9.919199
2459  8.196915
2460  10.934823
2461  10.267504
2462  10.126369
2463  10.296858
2464  11.192020
2465  9.274271
2466  6.779828
2467  10.564173
2468  10.972409
2469  10.634689
2470  6.622440
2471  10.369752
2472  9.534364
2473  8.816807
2474  7.423791
2475  9.909920
2476  8.688950
2477  10.362079
2478  9.957534
2479  8.712675
2480  7.646050
2481  6.632949
2482  10.860774
2483  6.630707
2484  10.514945
2485  10.636682
2486  6.844374
2487  6.669810
2488  7.605200
2489  10.312890
2490  6.901879
2491  10.229920
2492  11.012068
2493  6.837016
2494  7.895004
2495  10.703490
2496  8.112518
2497  7.211408
2498  9.822608
2499  10.025051
2500  11.028643
2501  9.469117
2502  8.641069
2503  7.026479
2504  10.767375
2505  6.708603
2506  10.486126
2507  11.181795
2508  9.944746
2509  10.344761
2510  10.424121
2511  10.436584
2512  10.032272
2513  6.794895
2514  6.972193
2515  6.758216
2516  9.752749
2517  6.866779
2518  8.899313
2519  8.517364
2520  10.898346
2521  10.681011
2522  7.595447
2523  6.942147
2524  7.855031
2525  8.167007
2526  11.085816
2527  6.645664
2528  6.707444
2529  8.395334
2530  8.397244
2531  7.710372
2532  10.293666
2533  9.961102
2534  7.100674
2535  6.715606
2536  9.549143
2537  9.795331
2538  8.472148
2539  10.669747
2540  7.460514
2541  6.627768
2542  11.137425
2543  11.740349
2544  8.352437
2545  6.964204
2546  10.697289
2547  9.122121
2548  6.719323
2549  10.870526
2550  10.873879
2551  10.830682
2552  10.358909
2553  10.963588
2554  10.121757
2555  10.394549
2556  10.566050
2557  7.997224
2558  6.894220
2559  10.907523
2560  11.175264
2561  10.808618
2562  6.877800
2563  10.333798
2564  11.083609
2565  6.646391
2566  7.578129
2567  10.178474
2568  7.137927
2569  6.622440
2570  6.992497
2571  8.172913
2572  7.953817
2573  10.794100
2574  10.221405
2575  10.658167
2576  9.036040
2577  7.006568
2578  10.902217
2579  10.420659
2580  6.868160
2581  7.741888
2582  9.977059
2583  8.183198
2584  7.303206
2585  7.946708
2586  11.088856
2587  6.918230
2588  9.814736
2589  9.614468
2590  11.151710
2591  10.149926
2592  10.263011
2593  11.068233
2594  9.802665
2595  6.630707
2596  6.622440
2597  10.027720
2598  10.684220
2599  7.650216
2600  11.033309
2601  11.105524
2602  11.155797
2603  9.210696
2604  11.149434
2605  7.733095
2606  9.856331
2607  11.137569
2608  9.896724
2609  9.045536
2610  8.469727
2611  11.207812
2612  7.807219
2613  8.761331
2614  6.929428
2615  11.066300
2616  9.923092
2617  10.112802
2618  7.224428
2619  10.890569
2620  8.404863
2621  6.700857
2622  7.313747
2623  10.566548
2624  11.086272
2625  11.075583
2626  7.650737
2627  7.998633
2628  7.370783
2629  10.302790
2630  10.970665
2631  10.398320
2632  6.721977
2633  7.960147
2634  6.654072
2635  7.783067
2636  7.918003
2637  8.118815
2638  10.914159
2639  7.843482
2640  8.471730
2641  7.463017
2642  10.217429
2643  9.971231
2644  7.325787
2645  8.361720
2646  10.601471
2647  8.204509
2648  8.194830
2649  10.237404
2650  6.831195
2651  6.761845
2652  8.800473
2653  9.517802
2654  10.780364
2655  10.930449
2656  6.928946
2657  8.291794
2658  7.794364
2659  8.380226
2660  7.963104
2661  9.624458
2662  7.956150
2663  7.433314
2664  9.369425
2665  8.321615
2666  8.891595
2667  7.078923
2668  7.574852
2669  9.626327
2670  6.870734
2671  6.724600
2672  7.996070
2673  7.865698
2674  9.073358
2675  7.880946
2676  9.351810
2677  6.929804
2678  6.794031
2679  9.526543
2680  8.675715
2681  8.413851
2682  7.018192
2683  9.167985
2684  7.670073
2685  6.922762
2686  7.307199
2687  7.465981
2688  6.841122
2689  9.025207
2690  7.404680
2691  6.679699
2692  6.807872
2693  6.994963
2694  9.551676
2695  7.068319
2696  7.071983
2697  6.939800
2698  9.112185
2699  6.789838
2700  6.865204
2701  7.585943
2702  7.294014
2703  6.858581
2704  6.681739
2705  7.820762
2706  8.948920
2707  7.148372
2708  7.932631
2709  6.836766
2710  6.969632
2711  7.561108
2712  8.376909
2713  7.718622
2714  6.695922
2715  7.615205
2716  9.463681
2717  8.751323
2718  7.785413
2719  9.606757
2720  8.464444
2721  6.724600
2722  6.768933
2723  6.983615
2724  8.617586
2725  6.787880
2726  7.100609
2727  6.895108
2728  7.733978
2729  8.776240
2730  9.143336
2731  7.707677
2732  6.708853
2733  7.562086
2734  7.197299
2735  7.086923
2736  6.733398
2737  7.341721
2738  9.258521
2739  7.536820
2740  6.681739
2741  8.695297
2742  9.866462
2743  8.487246
2744  6.914633
2745  7.941777
2746  7.415023
2747  6.991618
2748  9.079908
2749  8.677864
2750  9.433111
2751  7.860802
2752  6.788930
2753  8.642822
2754  9.972428
2755  9.489898
2756  8.375616
2757  9.365421
2758  8.048142
2759  7.281197
2760  6.820141
2761  7.721388
2762  7.215707
2763  8.828945
2764  7.187672
2765  8.479825
2766  7.035734
2767  6.713468
2768  7.526001
2769  6.984856
2770  8.349592
2771  6.866433
2772  7.588538
2773  8.710949
2774  6.694231
2775  7.434610
2776  6.699129
2777  9.364563
2778  9.517452
2779  7.173415
2780  8.575545
2781  8.913272
2782  9.625385
2783  7.794646
2784  7.415211
2785  8.146533
2786  9.676296
2787  8.363892
2788  6.676096
2789  7.123638
2790  6.856564
2791  6.916903
2792  6.679699
2793  9.619614
2794  7.332747
2795  7.220579
2796  8.808486
2797  7.604352
2798  6.742524
2799  6.713724
2800  9.366757
2801  6.887017
2802  7.112412
2803  7.179520
2804  6.872807
2805  6.741654
2806  8.463140
2807  7.137449
2808  6.687289
2809  7.187959
2810  8.732999
2811  6.869206
2812  7.368778
2813  7.267463
2814  6.680225
2815  8.796545
2816  6.965586
2817  6.689572
2818  7.007119
2819  7.359906
2820  6.889496
2821  7.020449
2822  6.861331
2823  8.066146
2824  6.724600
2825  7.193241
2826  6.799883
2827  9.221270
2828  9.254674
2829  7.441413
2830  7.408150
2831  7.096974
2832  7.583675
2833  9.328704
2834  6.750055
2835  8.444931
2836  7.436127
2837  6.916995
2838  6.694998
2839  10.163863
2840  7.799814
2841  7.369903
2842  6.672015
2843  7.459469
2844  7.595157
2845  7.569613
2846  7.570825
2847  6.867383
2848  7.184786
2849  9.303649
2850  8.099391
2851  7.182380
2852  7.208233
2853  8.889095
2854  7.935846
2855  6.810087
2856  7.042898
2857  6.677024
2858  6.980306
2859  7.320800
2860  6.733629
2861  6.733136
2862  9.121411
2863  9.648331
2864  9.200864
2865  7.632264
2866  9.266219
2867  9.289208
2868  7.198283
2869  9.030709
2870  7.219424
2871  7.987310
2872  9.245172
2873  9.097970
2874  8.392907
2875  8.529297
2876  7.137435
2877  9.719029
2878  6.930472
2879  6.832380
2880  9.004857
2881  8.092221
2882  6.860935
2883  7.063761
2884  6.803544
2885  6.695221
2886  6.741076
2887  8.163388
2888  7.017136
2889  6.882720
2890  9.410360
2891  7.532612
2892  7.522756
2893  6.748392
2894  8.714910
2895  6.882802
2896  8.569101
2897  8.723317
2898  6.795723
2899  6.722278
2900  6.971322
2901  9.159660
2902  6.702999
2903  6.764373
2904  8.973136
2905  9.192755
2906  9.549363
2907  7.922791
2908  7.904888
2909  9.222156
2910  9.396874
2911  9.090962
2912  8.920928
2913  9.221013
2914  8.125658
2915  9.455876
2916  9.438175
2917  7.402769
2918  7.142024
2919  9.107743
2920  9.168223
2921  7.965465
2922  6.682683
2923  6.988387
2924  8.187998
2925  9.262927
2926  6.780111
2927  9.530184
2928  9.397447
2929  8.484012
2930  6.708853
2931  8.569372
2932  7.839903
2933  6.915766
2934  7.062638
2935  6.836197
2936  8.766186
2937  8.857177
2938  7.200077
2939  9.066342
2940  8.982421
2941  6.872408
2942  6.893425
2943  9.310739
2944  9.735661
2945  8.638599
2946  8.704870
2947  7.180250
2948  7.396673
2949  6.880659
2950  8.367562
2951  9.480942
2952  6.711281
2953  8.058475
2954  6.859798
2955  7.947784
2956  9.588593
2957  6.917035
2958  7.971886
2959  6.844220
2960  9.532634
2961  6.910820
2962  6.984417
2963  6.751367
2964  7.060738
2965  7.193341
2966  9.769016
2967  7.543818
2968  6.910350
2969  9.118139
2970  8.413827
2971  6.703727
2972  6.843826
2973  9.133250
2974  8.856164
2975  6.684457
2976  8.123766
2977  7.927058
2978  7.304558
2979  7.095973
2980  6.834824
2981  7.575905
2982  6.818657
2983  6.861088
2984  7.435503
2985  8.908976
2986  9.661006
2987  7.733743
2988  8.880428
2989  8.752032
2990  7.026540
2991  8.898598
2992  9.082767
2993  8.681747
2994  8.912123
2995  7.088136
2996  7.961328
2997  6.862904
2998  6.715796
2999  7.326724
3000  9.492329
3001  7.549653
3002  8.836383
3003  6.694998
3004  8.709644
3005  8.108193
3006  6.740795
3007  7.600230
3008  6.833037
3009  7.309133
3010  7.646527
3011  7.908286
3012  6.784405
3013  7.424501
3014  8.346874
3015  6.901439
3016  7.739690
3017  8.948569
3018  7.613081
3019  8.674833
3020  7.581059
3021  8.592985
3022  9.326382
3023  7.997288
3024  7.092888
3025  8.547826
3026  9.564442
3027  8.773076
3028  6.790085
3029  8.614907
3030  6.803156
3031  6.672015
3032  7.267512
3033  9.450353
3034  8.112353
3035  9.451239
3036  8.069427
3037  6.679699
3038  9.374976
3039  7.458533
3040  8.658933
3041  7.585024
3042  7.392997
3043  7.067514
3044  6.905440
3045  6.730638
3046  7.919537
3047  8.641178
3048  6.965621
3049  9.206180
3050  7.043152
3051  9.630750
3052  8.472071
3053  6.728177
3054  9.347889
3055  6.694231
3056  9.240004
3057  6.944261
3058  7.144163
3059  6.707350
3060  9.185998
3061  6.881459
3062  7.526706
3063  6.784739
3064  8.983708
3065  8.700788
3066  6.807197
3067  6.921388
3068  7.066773
3069  7.116034
3070  8.886757
3071  6.672015
3072  8.010197
3073  8.843762
3074  6.694231
3075  7.349865
3076  9.299350
3077  8.198128
3078  9.675947
3079  8.055742
3080  7.511901
3081  7.209355
3082  9.885626
3083  6.758743
3084  9.106414
3085  8.622309
3086  7.743789
3087  8.147442
3088  7.016676
3089  8.451997
3090  9.713876
3091  6.724600
3092  7.063296
3093  7.158857
3094  6.926860
3095  7.048615
3096  9.245515
3097  8.038368
3098  8.988685
3099  6.789142
3100  7.844832
3101  9.959952
3102  8.596437
3103  7.192048
3104  9.300306
3105  6.828764
3106  8.877605
3107  8.191168
3108  8.973119
3109  7.223885
3110  7.170060
3111  8.418424
3112  7.113789
3113  9.000298
3114  8.262426
3115  8.860353
3116  9.673963
3117  8.837476
3118  8.121620
3119  9.000470
3120  9.121423
3121  6.692634
3122  6.721180
3123  7.859218
3124  7.545394
3125  6.698683
3126  6.717514
3127  6.694231
3128  6.744748
3129  8.018944
3130  6.901993
3131  6.708853
3132  9.371929
3133  6.894781
3134  6.687317
3135  8.004282
3136  8.493423
3137  8.306393
3138  7.054921
3139  7.164908
3140  8.903740
3141  6.734598
3142  8.792981
3143  6.705377
3144  7.015419
3145  8.973141
3146  8.849921
3147  6.689572
3148  7.739740
3149  9.000965
3150  9.425958
3151  7.073073
3152  9.343233
3153  6.939307
3154  9.320111
3155  6.866725
3156  6.916488
3157  7.061928
3158  8.561847
3159  6.817959
3160  7.779760
3161  6.760137
3162  8.306982
3163  7.645814
3164  6.815282
3165  6.770593
3166  8.107918
3167  7.080579
3168  8.097954
3169  8.890965
3170  7.712674
3171  7.123874
3172  9.014473
3173  7.080124
3174  9.207551
3175  6.786367
3176  7.387023
3177  7.891587
3178  7.154571
3179  8.936588
3180  6.708853
3181  6.708853
3182  8.952232
3183  6.672015
3184  8.806914
3185  9.214208
3186  7.348170
3187  7.581728
3188  8.441138
3189  7.182177
3190  6.852114
3191  8.065524
3192  7.166146
3193  7.530425
3194  7.238421
3195  9.149663
3196  7.797295
3197  6.924574
3198  9.310617
3199  7.563096
3200  6.734479
3201  9.510458
3202  7.224938
3203  7.739831
3204  8.444250
3205  6.940773
3206  8.635830
3207  7.880355
3208  6.935742
3209  7.479343
3210  7.059111
3211  7.310715
3212  7.923691
3213  8.054357
3214  8.525416
3215  7.447582
3216  6.707055
3217  6.792054
3218  6.721180
3219  7.852727
3220  8.679523
3221  7.286974
3222  6.881949
3223  7.303045
3224  8.649924
3225  7.663994
3226  9.299694
3227  6.746825
3228  8.157478
3229  6.997885
3230  6.672015
3231  7.300037
3232  9.747544
3233  8.460021
3234  7.846096
3235  7.032621
3236  7.168657
3237  7.681137
3238  8.295705
3239  8.897066
3240  8.903823
3241  7.071816
3242  6.940934
3243  7.840361
3244  6.924051
3245  6.925667
3246  6.924513
3247  8.990262
3248  7.359177
3249  6.995813
3250  8.181867
3251  6.717020
3252  9.410075
3253  8.336659
3254  6.937619
3255  7.533624
3256  8.418558
3257  8.249677
3258  8.333309
3259  7.530772
3260  7.677963
3261  8.582461
3262  7.455717
3263  8.246946
3264  7.482576
3265  8.496503
3266  6.783236
3267  9.095627
3268  6.675804
3269  6.771637
3270  6.852252
3271  6.691528
3272  8.246769
3273  7.344118
3274  8.720678
3275  7.362950
3276  7.219928
3277  9.096944
3278  7.047863
3279  7.300825
3280  9.702372
3281  7.094382
3282  6.704284
3283  6.829423
3284  9.134658
3285  7.357511
3286  7.499760
3287  8.271293
3288  8.459585
3289  7.200829
3290  6.707796
3291  9.900820
3292  6.898953
3293  8.794365
3294  7.469815
3295  7.965277
3296  8.225679
3297  8.920950
3298  8.234805
3299  8.685284
3300  6.992633
3301  8.268077
3302  8.726499
3303  7.917741
3304  8.006178
3305  6.732088
3306  7.437569
3307  7.113647
3308  6.793602
3309  6.884596
3310  6.708309
3311  6.766992
3312  7.043611
3313  7.723369
3314  6.830759
3315  7.047231
3316  8.208611
3317  6.752758
3318  6.894802
3319  7.572730
3320  9.788188
3321  8.968967
3322  6.717514
3323  6.887644
3324  9.358431
3325  6.875818
3326  7.092876
3327  8.084201
3328  7.042184
3329  7.101441
3330  9.498436
3331  7.619118
3332  8.848208
3333  6.752056
3334  6.894251
3335  8.916215
3336  6.710296
3337  7.382328
3338  6.775631
3339  9.185010
3340  7.042754
3341  7.579139
3342  8.825645
3343  6.918915
3344  9.194093
3345  8.848202
3346  7.656471
3347  9.216660
3348  9.392882
3349  6.935739
3350  9.245923
3351  9.356749
3352  7.071386
3353  8.741764
3354  6.721180
3355  8.692869
3356  7.210648
3357  7.134705
3358  6.932867
3359  7.203293
3360  9.012091
3361  6.884547
3362  9.152807
3363  10.093942
3364  8.540187
3365  7.952926
3366  8.502378
3367  7.086164
3368  6.762686
3369  7.816735
3370  6.843432
3371  6.976911
3372  6.702999
3373  7.171009
3374  6.898137
3375  6.715217
3376  6.745883
3377  7.753424
3378  8.756188
3379  7.501445
3380  7.388370
3381  8.718519
3382  6.845852
3383  6.974434
3384  8.511670
3385  8.256566
3386  8.546783
3387  9.602954
3388  6.947938
3389  6.754804
3390  7.645509
3391  8.700436
3392  7.029034
3393  7.158457
3394  7.678003
3395  7.814531
3396  9.088099
3397  9.846999
3398  6.766523
3399  8.197931
3400  7.960877
3401  6.745883
3402  6.907671
3403  8.403921
3404  7.130394
3405  6.870032
3406  8.988398
3407  6.675804
3408  6.687616
3409  7.123841
3410  7.005549
3411  8.772698
3412  7.945817
3413  6.687065
3414  7.349858
3415  7.542804
3416  8.654108
3417  9.454747
3418  6.920051
3419  8.893179
3420  7.178876
3421  7.363453
3422  8.144598
3423  6.831762
3424  6.757324
3425  6.810144
3426  9.838045
3427  6.775631
3428  6.748533
3429  6.802994
3430  7.397334
3431  7.291716
3432  6.719198
3433  8.942875
3434  9.736546
3435  8.489224
3436  6.825143
3437  12.638597
3438  7.266665
3439  6.376999
3440  7.398195
3441  6.360632
3442  7.685099
3443  6.879561
3444  6.335194
3445  6.390299
3446  6.424020
3447  6.349097
3448  8.197314
3449  8.130816
3450  7.058522
3451  6.302264
3452  6.953715
3453  6.302264
3454  6.660026
3455  7.456335
3456  8.302363
3457  6.549469
3458  6.907152
3459  6.655899
3460  7.080942
3461  6.546956
3462  7.143121
3463  7.092268
3464  7.209202
3465  6.582924
3466  6.992502
3467  6.429733
3468  7.160711
3469  7.109408
3470  6.693975
3471  7.316659
3472  6.657367
3473  6.578234
3474  6.785663
3475  7.604983
3476  6.548101
3477  6.416101
3478  6.594000
3479  6.625123
3480  7.402463
3481  6.604814
3482  6.557917
3483  6.561486
3484  6.846089
3485  6.977116
3486  7.282875
3487  6.456872
3488  8.141292
3489  6.343524
3490  6.485775
3491  7.257431
3492  6.603612
3493  6.881241
3494  6.361075
3495  8.388387
3496  6.831406
3497  7.266631
3498  6.811050
3499  6.857183
3500  6.680105
3501  8.288015
3502  6.478987
3503  6.792886
3504  6.404146
3505  6.952094
3506  7.876334
3507  6.466300
3508  6.899920
3509  7.005786
3510  6.808624
3511  6.807299
3512  6.788505
3513  6.345671
3514  7.961681
3515  6.547483
3516  6.605848
3517  7.025690
3518  7.681563
3519  6.627264
3520  6.591604
3521  8.189139
3522  6.487018
3523  6.604814
3524  6.684903
3525  7.660386
3526  7.213546
3527  7.302485
3528  7.737959
3529  7.379282
3530  6.371954
3531  6.396133
3532  6.607487
3533  6.842575
3534  6.990144
3535  6.763525
3536  6.409522
3537  6.325598
3538  6.641414
3539  6.444614
3540  7.630699
3541  6.477653
3542  7.598325
3543  6.539355
3544  6.360291
3545  9.092924
3546  6.500911
3547  6.613685
3548  6.487521
3549  6.487100
3550  6.968565
3551  6.407812
3552  6.554824
3553  7.263900
3554  6.847470
3555  6.883577
3556  6.773659
3557  7.582126
3558  7.579923
3559  7.284033
3560  6.423748
3561  6.684080
3562  6.625123
3563  6.929055
3564  6.685611
3565  6.373957
3566  6.405246
3567  6.518150
3568  7.405894
3569  7.166065
3570  6.302264
3571  6.595203
3572  6.489083
3573  7.121341
3574  6.911456
3575  6.354317
3576  7.970345
3577  8.336177
3578  7.404893
3579  6.582924
3580  6.386579
3581  6.464170
3582  6.332525
3583  6.493544
3584  7.910835
3585  6.378462
3586  8.044694
3587  6.594902
3588  6.355293
3589  6.312400
3590  7.137639
3591  6.899322
3592  6.602959
3593  7.894257
3594  6.568499
3595  6.516934
3596  9.152807
3597  6.384713
3598  6.518754
3599  7.281490
3600  6.404695
3601  6.912983
3602  6.708654
3603  6.666989
3604  8.915554
3605  7.900174
3606  6.336935
3607  6.420395
3608  6.840528
3609  7.473086
3610  6.544427
3611  8.444909
3612  6.734171
3613  6.625123
3614  6.530934
3615  6.855430
3616  6.429393
3617  7.363106
3618  7.150408
3619  6.335418
3620  6.760164
3621  6.609876
3622  6.536239
3623  6.864116
3624  6.472002
3625  7.788655
3626  6.375050
3627  7.059787
3628  6.775301
3629  7.433937
3630  6.604369
3631  6.556971
3632  6.376021
3633  8.669498
3634  6.885556
3635  7.443189
3636  7.010914
3637  6.384214
3638  6.417410
3639  6.570093
3640  7.929050
3641  6.449202
3642  7.197595
3643  7.027519
3644  6.549659
3645  6.780181
3646  6.807620
3647  6.384744
3648  6.869616
3649  6.625123
3650  6.302264
3651  7.677915
3652  6.377496
3653  6.339586
3654  6.863921
3655  6.551105
3656  7.202775
3657  6.492729
3658  6.914757
3659  6.457876
3660  6.370865
3661  6.418587
3662  6.518545
3663  6.644659
3664  6.446519
3665  6.362788
3666  6.530856
3667  7.134145
3668  6.556715
3669  6.463402
3670  7.216542
3671  6.457185
3672  8.059624
3673  6.335722
3674  7.853946
3675  6.521842
3676  6.343524
3677  8.192305
3678  6.376625
3679  6.436405
3680  7.735552
3681  6.678405
3682  6.389378
3683  6.954777
3684  8.686425
3685  6.658176
3686  6.432922
3687  7.738488
3688  6.314031
3689  6.338811
3690  6.985637
3691  6.423748
3692  7.890302
3693  7.502954
3694  6.360316
3695  6.625123
3696  6.548001
3697  7.236348
3698  6.739194
3699  6.318320
3700  6.463402
3701  6.536157
3702  7.858242
3703  6.923433
3704  6.320860
3705  7.548125
3706  7.097294
3707  7.156783
3708  6.560406
3709  6.302264
3710  7.063050
3711  7.216127
3712  6.629514
3713  7.083667
3714  7.147719
3715  6.650397
3716  6.358433
3717  6.423748
3718  7.207685
3719  6.968549
3720  6.403530
3721  7.606509
3722  7.365018
3723  6.426664
3724  6.391940
3725  6.621092
3726  6.662267
3727  6.343100
3728  7.132017
3729  6.302264
3730  7.398421
3731  7.840725
3732  6.312476
3733  6.319562
3734  8.258323
3735  6.748180
3736  6.829495
3737  7.869290
3738  7.152517
3739  6.535679
3740  7.087962
3741  7.127814
3742  6.333806
3743  6.621092
3744  6.423748
3745  6.346196
3746  6.307743
3747  6.741856
3748  6.302264
3749  6.356788
3750  7.529274
3751  6.340427
3752  6.754662
3753  7.033992
3754  6.457403
3755  6.633328
3756  8.537591
3757  6.601632
3758  7.773036
3759  6.673978
3760  6.938891
3761  6.856150
3762  6.953565
3763  6.613676
3764  7.151170
3765  6.493159
3766  6.450166
3767  6.488905
3768  6.992351
3769  6.628962
3770  6.520841
3771  6.374637
3772  6.470429
3773  6.670528
3774  6.619412
3775  6.395648
3776  6.657254
3777  6.537625
3778  6.621668
3779  6.852655
3780  6.904526
3781  6.338798
3782  7.299070
3783  6.511170
3784  6.641373
3785  7.055480
3786  6.961801
3787  6.332266
3788  6.862686
3789  6.373452
3790  8.051471
3791  6.718527
3792  6.674587
3793  7.942004
3794  7.479831
3795  6.470999
3796  6.708514
3797  8.022052
3798  6.302264
3799  6.480619
3800  8.245651
3801  6.330324
3802  6.752038
3803  6.851983
3804  8.192627
3805  6.387488
3806  6.347287
3807  6.309165
3808  6.308612
3809  6.571525
3810  7.454873
3811  6.321291
3812  6.366738
3813  6.463402
3814  6.382096
3815  6.703898
3816  6.324642
3817  6.692838
3818  6.707728
3819  6.495355
3820  6.302264
3821  7.010735
3822  7.262203
3823  6.567598
3824  8.256285
3825  6.974648
3826  7.368347
3827  6.482251
3828  7.499039
3829  7.430370
3830  9.501017
3831  7.303474
3832  6.787022
3833  7.374915
3834  6.436780
3835  7.089066
3836  6.738901
3837  6.610195
3838  8.499683
3839  6.403354
3840  6.572887
3841  7.731296
3842  7.910913
3843  6.475721
3844  6.338153
3845  7.133399
3846  6.307743
3847  6.507532
3848  6.362235
3849  6.335194
3850  6.828414
3851  8.536562
3852  7.187775
3853  6.302264
3854  6.322626
3855  6.707564
3856  6.302264
3857  6.459172
3858  7.655901
3859  6.388853
3860  7.860477
3861  6.635733
3862  6.797132
3863  6.426487
3864  6.463402
3865  6.380905
3866  6.829923
3867  7.070668
3868  6.600432
3869  7.386363
3870  7.129608
3871  6.406701
3872  6.707753
3873  7.839920
3874  6.518111
3875  6.308468
3876  6.534344
3877  8.375828
3878  6.500082
3879  6.322626
3880  6.657699
3881  6.755174
3882  6.358402
3883  6.625123
3884  7.752603
3885  6.308134
3886  7.457665
3887  6.344618
3888  6.475674
3889  7.056372
3890  6.372388
3891  7.145627
3892  6.498052
3893  6.405094
3894  6.384423
3895  6.600259
3896  6.926256
3897  6.325534
3898  6.643076
3899  6.388116
3900  7.422957
3901  6.404849
3902  7.963665
3903  6.800543
3904  6.399989
3905  6.380393
3906  7.777827
3907  7.072416
3908  6.429239
3909  6.965033
3910  6.341743
3911  6.463402
3912  6.539083
3913  7.129664
3914  6.500511
3915  6.935013
3916  6.375947
3917  6.534518
3918  7.068810
3919  6.570093
3920  6.574472
3921  7.198292
3922  6.310178
3923  6.365337
3924  7.703653
3925  6.334657
3926  8.031096
3927  6.895555
3928  6.403277
3929  6.821486
3930  8.045881
3931  6.931412
3932  6.367945
3933  6.730358
3934  6.612236
3935  6.302264
3936  6.445012
3937  6.648026
3938  9.102228
3939  6.329311
3940  6.629829
3941  6.438604
3942  6.313632
3943  7.532875
3944  6.791536
3945  7.299105
3946  6.338798
3947  7.358590
3948  8.494323
3949  6.418301
3950  6.584921
3951  7.476931
3952  6.327727
3953  6.331154
3954  6.326288
3955  6.354741
3956  6.917512
3957  6.724610
3958  6.509189
3959  6.314270
3960  6.604977
3961  6.414671
3962  7.967212
3963  6.346517
3964  6.565106
3965  6.339563
3966  8.131478
3967  6.575294
3968  8.082318
3969  7.106656
3970  6.493079
3971  8.129044
3972  6.748293
3973  6.522584
3974  6.302264
3975  6.560963
3976  6.742663
3977  6.415511
3978  6.394575
3979  6.477975
3980  8.216057
3981  5.102860
3982  5.804758
3983  4.178205
3984  4.058114
3985  4.706763
3986  5.209631
3987  4.108429
3988  4.945913
3989  4.566014
3990  4.258038
3991  4.290531
3992  4.303431
3993  4.771491
3994  5.489075
3995  5.153660
3996  4.381842
3997  5.521298
3998  5.744737
3999  4.373660
4000  5.122057
4001  4.108429
4002  4.916089
4003  4.814075
4004  5.309610
4005  4.313667
4006  4.150033
4007  4.258038
4008  4.058114
4009  5.399777
4010  4.058114
4011  4.400484
4012  4.108429
4013  4.790658
4014  5.597983
4015  4.058114
4016  4.258038
4017  5.137671
4018  5.058969
4019  5.123961
4020  5.016278
4021  5.487453
4022  4.058114
4023  6.148430
4024  4.058114
4025  4.258038
4026  5.221428
4027  4.725314
4028  4.124159
4029  4.108429
4030  6.236891
4031  5.296858
4032  4.150033
4033  4.307077
4034  4.296836
4035  4.058114
4036  4.123012
4037  4.522564
4038  5.153475
